ORIG_FID	CS	RSLR	TR	WH	WETpx	GAINpx	WET96px	NDVI	NDMI	WET	WET96	GAIN	logWET	PCT	logPCT	CHGpx	CHG	HUC4	region
952	0.0214	10.65	0.35	0.5	20	0	3856	0.14003594882302	-0.094275679859706	1.8	347.04	0	0.587786664902119	0.005186721991701	-5.26165338217645	-20	-1.8	0809	10
928	0.0215	10.67	0.35	0.5	25	0	3604	0.113178721833222	-0.067108378566839	2.25	324.36	0	0.810930216216329	0.006936736958935	-4.97092379386003	-25	-2.25	0809	10
927	0.0211	10.6	0.35	0.5	20	0	2870	0.021667738862353	-0.006628717094633	1.8	258.3	0	0.587786664902119	0.006968641114983	-4.96633503519968	-20	-1.8	0809	10
949	0.0209	10.421	0.359	0.5	4	0	1205	0.108829001140867	0.055588550006275	0.36	108.45	0	-1.02165124753198	0.003319502074689	-5.70794048480486	-4	-0.36	0809	10
950	0.0209	10.421	0.359	0.5	27	0	1285	0.091962193722	0.079000545135124	2.43	115.65	0	0.887891257352457	0.021011673151751	-3.86267713132499	-27	-2.43	0809	10
951	0.0209	10.6	0.35	0.5	20	0	907	-0.012421249896841	0.115377886687364	1.8	81.63	0	0.587786664902119	0.022050716648291	-3.81441017656115	-20	-1.8	0809	10
953	0.0224	10.7	0.35	0.5	4	0	4335	0.007841845349177	0.046032400994233	0.36	390.15	0	-1.02165124753198	0.000922722029988	-6.98818252809475	-4	-0.36	0809	10
977	0.0228	10.7	0.35	0.5	33	0	1987	0.009888162278544	-0.056253829419019	2.97	178.83	0	1.08856195281461	0.016607951685959	-4.09787368108534	-33	-2.97	0809	10
932	0.0214	10.7	0.35	0.5	4	0	6449	0.008058619947455	0.085405106046127	0.36	580.41	0	-1.02165124753198	0.000620251201737	-7.38538599789049	-4	-0.36	0809	10
954	0.0224	10.7	0.35	0.5	11	0	2791	0.068908955801099	-0.057005574439514	0.99	251.19	0	-0.010050335853501	0.003941239699033	-5.53625996073795	-11	-0.99	0809	10
955	0.0211	10.7	0.35	0.5	30	0	2642	-0.041369019463627	-0.062746204032723	2.7	237.78	0	0.993251773010283	0.011355034065102	-4.47809410342012	-30	-2.7	0809	10
979	0.0203	10.758	0.347	0.5	70	0.36	3357	-0.02562117220315	0.175019330883313	6.3	302.13	0.0324	1.84054963339749	0.020851951146857	-3.87030775493068	-69.64	-6.2676	0809	10
978	0.0203	10.758	0.347	0.5	55	0.72	2630	0.024090082918066	0.027634553521272	4.95	236.7	0.0648	1.5993875765806	0.020912547528517	-3.86740593993934	-54.28	-4.8852	0809	10
956	0.0199	10.746	0.348	0.5	10	0	3711	0.048039659614029	-0.018024099681911	0.9	333.99	0	-0.105360515657826	0.002694691457828	-5.91647156806655	-10	-0.9	0809	10
980	0.0203	10.758	0.347	0.5	14	0.45	4267	-0.026769013712325	0.064307049855648	1.26	384.03	0.0405	0.231111720963387	0.003280993672369	-5.71960895357274	-13.55	-1.2195	0809	10
981	0.0192	10.9	0.34	0.8	38	0.27	2870	-0.003550874654771	0.172810319220865	3.42	258.3	0.0243	1.22964055107451	0.013240418118467	-4.32448114902728	-37.73	-3.3957	0809	10
1017	0.0025	10.74	0.346	0.8	5	0	2638	-0.008185642084341	0.104355376605744	0.45	237.42	0	-0.798507696217772	0.001895375284306	-6.26833842084316	-5	-0.45	0809	10
1001	0.0219	10.719	0.348	0.8	52	0.45	3686	-0.004407542764323	0.143018146022609	4.68	331.74	0.0405	1.54329810992956	0.014107433532284	-4.26105341964834	-51.55	-4.6395	0809	10
1028	0.0025	10.8	0.34	0.8	410	3.6	1024	0.021303956263028	-0.115725455765546	36.9	92.16	0.324	3.60821155104648	0.400390625	-0.9153146459011	-406.4	-36.576	0809	10
1029	0.0025	10.8	0.34	0.8	453	11.61	3047	-0.039932092419327	-0.027518856485901	40.77	274.23	1.0449	3.70794651683116	0.148670823761076	-1.90602065350267	-441.39	-39.7251	0809	10
1018	0.0025	10.8	0.34	0.8	179	0	2888	-0.105173078155367	0.114347213754408	16.11	259.92	0	2.77944019718888	0.061980609418283	-2.78093369417196	-179	-16.11	0809	10
1031	0.0025	10.8	0.34	0.8	22	1.8	3407	-0.06887341853694	0.133680031176928	1.98	306.63	0.162	0.683096844706444	0.006457293806868	-5.04254496430265	-20.2	-1.818	0809	10
1030	0.0025	10.8	0.34	0.8	60	9.72	2840	0.050145456624038	-0.031249702515847	5.4	255.6	0.8748	1.68639895357023	0.02112676056338	-3.85721476893315	-50.28	-4.5252	0809	10
1019	0.0025	10.8	0.34	0.8	23	0	1270	0.062962562449227	-0.087364826394492	2.07	114.3	0	0.727548607277278	0.018110236220472	-4.01127796352349	-23	-2.07	0809	10
1003	0.0025	10.9	0.34	0.8	22	0	3776	0.133337053428391	-0.121336728407528	1.98	339.84	0	0.683096844706444	0.005826271186441	-5.14537807390708	-22	-1.98	0809	10
1002	0.0025	10.9	0.34	0.8	86	0	1914	0.173090008420533	-0.117868240108463	7.74	172.26	0	2.04640168760164	0.044932079414838	-3.10260327575939	-86	-7.74	0809	10
1020	0.0025	10.853	0.34	0.8	37	0	1359	0.008929686805664	-0.147060020338005	3.33	122.31	0	1.20297230399235	0.027225901398087	-3.60358650150692	-37	-3.33	0809	10
984	0.0025	10.9	0.34	0.8	5	0	302	0.172771562302395	-0.005766264909464	0.45	27.18	0	-0.798507696217772	0.016556291390728	-4.10098910494077	-5	-0.45	0809	10
982	0.0025	10.9	0.34	0.8	10	0.27	1480	-0.084423777529741	0.103388085129314	0.9	133.2	0.0243	-0.105360515657826	0.006756756756757	-4.99721227376411	-9.73	-0.8757	0809	10
937	0.0191	10.9	0.34	0.5	25	0	2231	-0.198653889702394	0.18947197227232	2.25	200.79	0	0.810930216216329	0.011205737337517	-4.49132936956433	-25	-2.25	0809	10
935	0.0171	10.9	0.34	0.5	10	0	2254	-0.205495454866371	0.216848743485837	0.9	202.86	0	-0.105360515657826	0.004436557231588	-5.41787660160568	-10	-0.9	0809	10
958	0.0025	10.9	0.34	0.8	11	0	1721	-0.221482977181838	0.229944675781321	0.99	154.89	0	-0.010050335853501	0.006391632771644	-5.05276552341317	-11	-0.99	0809	10
911	0.0141	10.9	0.34	0.5	69	0	1655	-0.194310009349444	0.205291757049497	6.21	148.95	0	1.82616089594539	0.041691842900302	-3.1774497832139	-69	-6.21	0809	10
918	0.0146	10.9	0.34	0.5	64	0	1197	0.011325884510766	0.142634268560982	5.76	107.73	0	1.7509374747078	0.053467000835422	-2.9286906221983	-64	-5.76	0809	10
936	0.0171	10.9	0.34	0.5	36	0	2388	-0.132380123349305	0.159553752551045	3.24	214.92	0	1.17557332980424	0.015075376884422	-4.19469253605638	-36	-3.24	0809	10
917	0.0146	10.9	0.34	0.5	28	0	3525	-0.10450752399987	0.170102875795375	2.52	317.25	0	0.924258901523332	0.007943262411348	-4.83543120507117	-28	-2.52	0809	10
2004	0.0147	10.9	0.34	0.8	37	0	2769	-0.213440870731103	0.252683929283124	3.33	249.21	0	1.20297230399235	0.01336222462983	-4.31532361052674	-37	-3.33	0809	10
912	0.0143	10.9	0.34	0.5	67	0	3351	0.040151141208204	0.109429533291114	6.03	301.59	0	1.79674701073909	0.019994031632349	-3.91232146834634	-67	-6.03	0809	10
903	0.0163	10.9	0.34	0.5	17	0	721	0.014413733903415	-0.020312939365493	1.53	64.89	0	0.425267735404344	0.023578363384189	-3.74742579322873	-17	-1.53	0809	10
904	0.0148	10.9	0.34	0.5	12	0	2733	-0.215997489999795	0.23444331205816	1.08	245.97	0	0.076961041136128	0.004390779363337	-5.42824853614007	-12	-1.08	0809	10
1931	0.0175	10.852	0.345	0.8	2	0	4871	0.123062073957893	-0.034256657299612	0.18	438.39	0	-1.71479842809193	0.000410593307329	-7.7979073532466	-2	-0.18	0809	10
900	0.0154	10.877	0.342	0.5	90	0.27	6404	0.013175925862709	0.083409794462832	8.1	576.36	0.0243	2.09186406167839	0.014053716427233	-4.26486840378634	-89.73	-8.0757	0809	10
905	0.0148	10.9	0.34	0.5	81	0.18	4342	-0.064719499507763	0.185420229906931	7.29	390.78	0.0162	1.98650354602057	0.018654997696914	-3.9816411957658	-80.82	-7.2738	0809	10
899	0.0172	10.8	0.35	0.5	50	0.27	4356	-0.050893084470206	0.130609400913606	4.5	392.04	0.0243	1.50407739677627	0.01147842056933	-4.4672864786247	-49.73	-4.4757	0809	10
898	0.0197	10.8	0.341	0.5	80	0.18	5678	0.130200811401815	0.153095579471627	7.2	511.02	0.0162	1.97408102602201	0.014089468122578	-4.26232770235903	-79.82	-7.1838	0809	10
891	0.0196	10.8	0.34	0.5	76	0.18	4733	-0.054499664478188	0.234079207408798	6.84	425.97	0.0162	1.92278773163446	0.016057468835834	-4.13158118961992	-75.82	-6.8238	0809	10
897	0.0197	10.8	0.341	0.5	57	0	176	0.134088200795295	0.05944517004442	5.13	15.84	0	1.63510565918268	0.323863636363636	-1.1274327272036	-57	-5.13	0809	10
902	0.0186	10.807	0.34	0.5	8	0	11	0.117199187352533	-0.093147774974465	0.72	0.99	0	-0.328504066972036	0.727272727272727	-0.318453731118535	-8	-0.72	0809	10
1930	0.0175	10.852	0.345	0.8	169	0	3378	0.063672023533597	-0.020431952669154	15.21	304.02	0	2.7219531062712	0.050029603315571	-2.99514038244467	-169	-15.21	0809	10
894	0.0214	10.8	0.34	0.5	13	0	15	0.157644066379113	0.14421785144899	1.17	1.35	0	0.157003748809665	0.866666666666667	-0.143100843640673	-13	-1.17	0809	10
892	0.0217	10.8	0.34	0.5	112	0	1670	0.337918129869287	0.252182348915862	10.08	150.3	0	2.31055326264322	0.067065868263473	-2.70208003411571	-112	-10.08	0809	10
895	0.0214	10.8	0.34	0.5	55	0	233	0.298239095395604	0.226741308424787	4.95	20.97	0	1.5993875765806	0.236051502145923	-1.44370526833323	-55	-4.95	0809	10
889	0	10.8	0.34	0.5	16	0	157	0.232440717033044	0.196404269916948	1.44	14.13	0	0.364643113587909	0.101910828025478	-2.28365708310853	-16	-1.44	0809	10
896	0.0214	10.8	0.34	0.5	168	0.27	3316	0.095929282920977	0.165981086556682	15.12	298.44	0.0243	2.71601837075139	0.050663449939686	-2.98255053685193	-167.73	-15.0957	0809	10
890	0.0211	10.8	0.34	0.5	55	0.18	1612	0.07989559656489	0.186243064612155	4.95	145.08	0.0162	1.5993875765806	0.034119106699752	-3.3778977378341	-54.82	-4.9338	0809	10
1144	0.0186	9.508	0.333	0.6	12	0.18	4614	0.139131905397239	0.214902661755232	1.08	415.26	0.0162	0.076961041136128	0.00260078023407	-5.9519437889457	-11.82	-1.0638	0809	10
1146	0.0164	9.542	0.343	0.6	14	1.17	5807	0.074615125792626	0.185976759556258	1.26	522.63	0.1053	0.231111720963387	0.002410883416566	-6.02776203575679	-12.83	-1.1547	0809	10
1147	0.0147	9.6	0.36	0.6	16	0.81	7131	0.096432382127607	0.102583143831697	1.44	641.79	0.0729	0.364643113587909	0.002243724582807	-6.09961803378852	-15.19	-1.3671	0809	10
1152	0.0157	9.6	0.36	0.8	6	0.45	6754	0.182821613210073	0.198942471991801	0.54	607.86	0.0405	-0.616186139423817	0.00088836245188	-7.02613073171746	-5.55	-0.4995	0809	10
1154	0.0173	9.744	0.36	0.7	12	0.9	3967	0.111805123918657	0.06064478350653	1.08	357.03	0.081	0.076961041136128	0.00302495588606	-5.80085877072633	-11.1	-0.999	0809	10
1156	0.0176	9.8	0.36	0.7	6	0.09	2740	0.042945111621234	0.069029887437853	0.54	246.6	0.0081	-0.616186139423817	0.002189781021898	-6.12395373015406	-5.91	-0.5319	0809	10
970	0.0181	9.8	0.36	0.8	24	0.27	5365	0.086441326775329	0.102123755966001	2.16	482.85	0.0243	0.770108221696074	0.004473438956198	-5.40959782471685	-23.73	-2.1357	0809	10
971	0.0179	9.833	0.36	0.8	17	0.18	6038	0.168036040704926	0.033509541599531	1.53	543.42	0.0162	0.425267735404344	0.002815501821795	-5.87261476621057	-16.82	-1.5138	0809	10
991	0.0181	9.9	0.36	0.8	71	0.45	6126	0.114714990672932	0.029446197155756	6.39	551.34	0.0405	1.85473426838944	0.011589944498857	-4.45761741035141	-70.55	-6.3495	0809	10
992	0.0193	9.967	0.36	0.8	43	0	2196	0.066437825310931	0.074814705878161	3.87	197.64	0	1.35325450704169	0.019581056466302	-3.93319268693586	-43	-3.87	0809	10
972	0.0193	9.893	0.36	0.8	6	0.18	3928	-0.075323027587826	0.087841731262784	0.54	353.52	0.0162	-0.616186139423817	0.00152749490835	-6.4841262002463	-5.82	-0.5238	0809	10
993	0.0193	9.967	0.36	0.8	23	0.18	5601	0.100991871464801	0.008257927901841	2.07	504.09	0.0162	0.727548607277278	0.00410640956972	-5.49520621628068	-22.82	-2.0538	0809	10
995	0.0204	10.077	0.36	0.8	17	0	5513	0.112864976012799	0.032669788008963	1.53	496.17	0	0.425267735404344	0.003083620533285	-5.78165087453347	-17	-1.53	0809	10
994	0.02	10	0.36	0.8	6	0	3906	0.340016432584812	0.153781985345844	0.54	351.54	0	-0.616186139423817	0.001536098310292	-6.47850964220857	-6	-0.54	0809	10
1000	0.0207	10.4	0.35	0.8	12	0.18	613	0.242022338128586	0.042630956480829	1.08	55.17	0.0162	0.076961041136128	0.019575856443719	-3.93345828614821	-11.82	-1.0638	0809	10
1016	0.0201	10.4	0.35	0.8	94	0.09	191	-0.034210435234934	0.071457784756348	8.46	17.19	0.0081	2.13534917361813	0.492146596858639	-0.708978645776626	-93.91	-8.4519	0809	10
999	0.0207	10.4	0.35	0.8	17	0.09	52	0.016304343369278	-0.013948562002821	1.53	4.68	0.0081	0.425267735404344	0.326923076923077	-1.11803037452521	-16.91	-1.5219	0809	10
998	0.0196	10.4	0.35	0.8	9	0	96	0.122228538748306	0.209702304128809	0.81	8.64	0	-0.210721031315653	0.09375	-2.36712361413162	-9	-0.81	0809	10
1015	0.0185	10.4	0.35	0.8	71	0	901	0.141952914504712	0.091399772697616	6.39	81.09	0	1.85473426838944	0.078801331853496	-2.54082538056702	-71	-6.39	0809	10
1014	0.0188	10.286	0.357	0.8	9	0	738	0.187764374319428	-0.031526326887178	0.81	66.42	0	-0.210721031315653	0.01219512195122	-4.40671924726425	-9	-0.81	0809	10
2014	0.02	10.241	0.36	0.8	1	0	1778	0.172413793103448	-0.022988505747126	0.09	160.02	0	-2.40794560865187	0.000562429696288	-7.48324441607385	-1	-0.09	0809	10
1013	0.02	10.233	0.36	0.8	5	0	2832	0.149828263330763	-0.004345352269407	0.45	254.88	0	-0.798507696217772	0.001765536723164	-6.33930054237951	-5	-0.45	0809	10
2015	0.02	10.241	0.36	0.8	20	0	2328	0.115633142773015	0.018047971248159	1.8	209.52	0	0.587786664902119	0.008591065292096	-4.75703253529734	-20	-1.8	0809	10
1008	0.0202	10.1	0.36	0.8	9	0	4903	0.109500157696917	0.069342699961869	0.81	441.27	0	-0.210721031315653	0.0018356108505	-6.30037796431501	-9	-0.81	0809	10
2019	0.0206	10.1	0.36	0.8	8	0	3224	0.03703031240566	0.022027298134325	0.72	290.16	0	-0.328504066972036	0.002481389578164	-5.99893656194668	-8	-0.72	0809	10
1070	0.0282	9.5	0.33	0.7	69	0	1540	0.293692239762117	0.144311341419405	6.21	138.6	0	1.82616089594539	0.044805194805195	-3.10543119081041	-69	-6.21	0808	9
1570	0.021	9.233	0.37	0.8	2	7.11	586	0.174780806631596	0.248304584991892	0.18	52.74	0.6399	-1.71479842809193	0.003412969283276	-5.68017260901707	5.11	0.4599	0808	9
1104	0.0216	9.104	0.405	0.8	42	0	5342	0.494466183524782	0.116468352252794	3.78	480.78	0	1.3297240096315	0.007862223886185	-4.84568577538654	-42	-3.78	0808	9
1106	0.0227	9.2	0.37	0.8	39	0	3019	0.42176176984501	0.09600810259522	3.51	271.71	0	1.25561603747777	0.012918184829414	-4.34911928357719	-39	-3.51	0808	9
1067	0.0322	9.1	0.33	0.7	119	0.09	5700	0.185881128953796	0.191606180131536	10.71	513	0.0081	2.37117788445966	0.020877192982456	-3.86909796071111	-118.91	-10.7019	0808	9
1065	0.0331	9.1	0.33	0.7	10	0	2897	0.277965813145352	0.313565782896582	0.9	260.73	0	-0.105360515657826	0.003451846738005	-5.6688459047753	-10	-0.9	0808	9
1097	0.0283	9.065	0.357	0.7	5	0	3853	0.320934098227376	0.135885130853703	0.45	346.77	0	-0.798507696217772	0.001297690111601	-6.64716943219206	-5	-0.45	0808	9
1105	0.0216	9.104	0.405	0.8	48	0	2390	0.402007532582034	0.056103024364432	4.32	215.1	0	1.46325540225602	0.020083682008368	-3.90784763401766	-48	-4.32	0808	9
1119	0.0213	9.131	0.395	0.8	18	7.74	4175	0.193992028037606	-0.005085377165521	1.62	375.75	0.6966	0.482426149244293	0.004311377245509	-5.44649787938879	-10.26	-0.9234	0808	9
1118	0.0215	8.9	0.48	0.8	3	0.36	5202	0.294606348417019	0.022928312248701	0.27	468.18	0.0324	-1.30933331998376	0.000576701268743	-7.45818615734049	-2.64	-0.2376	0808	9
1103	0.0232	8.9	0.48	0.8	1	0.99	1929	0.36283185840708	0.198443579766537	0.09	173.61	0.0891	-2.40794560865187	0.000518403317781	-7.56475701290573	-0.01	-9e-04	0808	9
1117	0.0219	8.9	0.48	0.7	21	12.78	6852	0.417049265448971	0.211800826084368	1.89	616.68	1.1502	0.636576829071551	0.003064798598949	-5.78777342172059	-8.22	-0.7398	0808	9
1116	0.0212	8.86	0.456	0.7	20	0.18	7120	0.271989200876853	0.00499135921226	1.8	640.8	0.0162	0.587786664902119	0.002808988764045	-5.87493073085203	-19.82	-1.7838	0808	9
1126	0.0213	8.8	0.42	0.7	14	1.35	6726	0.238379338585151	0.059616090652198	1.26	605.34	0.1215	0.231111720963387	0.002081474873625	-6.17467856268496	-12.65	-1.1385	0808	9
1125	0.0223	8.8	0.42	0.7	129	1.98	6424	0.329976222289552	0.100648617138308	11.61	578.16	0.1782	2.4518667957098	0.020080946450809	-3.90798385126492	-127.02	-11.4318	0808	9
1114	0.0232	8.7	0.43	0.7	4	5.49	7374	0.113678588487137	0.177797862106373	0.36	663.66	0.4941	-1.02165124753198	0.000542446433415	-7.5194212176742	1.49	0.1341	0808	9
1096	0.0322	9.1	0.33	0.7	44	1.98	4309	0.520669615522078	0.238214803520437	3.96	387.81	0.1782	1.37624402526639	0.010211185889998	-4.58427150369758	-42.02	-3.7818	0808	9
1081	0.0339	9.1	0.33	0.7	6	0	3732	0.266964786271596	0.265811642799927	0.54	335.88	0	-0.616186139423817	0.001607717041801	-6.43294009273918	-6	-0.54	0808	9
1062	0.0339	9.1	0.33	0.7	12	0	5759	0.454872093627981	0.269571713815426	1.08	518.31	0	0.076961041136128	0.002083695085952	-6.17361247771867	-12	-1.08	0808	9
1063	0.0338	9.1	0.33	0.7	12	0	6354	0.442799094020267	0.19331834776503	1.08	571.86	0	0.076961041136128	0.001888574126534	-6.27193316504146	-12	-1.08	0808	9
1084	0.0327	9.1	0.33	0.7	12	0	2964	0.499451625159835	0.173971734296152	1.08	266.76	0	0.076961041136128	0.004048582995951	-5.50938833662798	-12	-1.08	0808	9
1064	0.0338	9.1	0.33	0.7	5	0.09	4851	0.529934207953938	0.292238855470977	0.45	436.59	0.0081	-0.798507696217772	0.00103071531643	-6.87750223581112	-4.91	-0.4419	0808	9
1068	0.031	8.9	0.323	0.7	83	0	5484	0.042468017404754	0.264187228473932	7.47	493.56	0	2.01089499914473	0.015134938001459	-4.19074943288561	-83	-7.47	0808	9
1069	0.0304	8	0.29	0.8	58	0	4517	0.079985407447536	0.261642191768855	5.22	406.53	0	1.65249740189455	0.012840380783706	-4.35516032510819	-58	-5.22	0808	9
1042	0.0299	8	0.29	0.8	50	0	2333	0.273454865038535	0.17930033304044	4.5	209.97	0	1.50407739677627	0.021431633090441	-3.84288726659328	-50	-4.5	0808	9
1043	0.0287	8	0.29	0.8	355	0	5562	0.419229874263888	0.235045989322696	31.95	500.58	0	3.46417218082354	0.063825961884214	-2.75159524531849	-355	-31.95	0808	9
1044	0.0273	8.327	0.303	0.7	18	0.36	4113	0.235546492734554	0.1856082337625	1.62	370.17	0.0324	0.482426149244293	0.00437636761488	-5.43153621033426	-17.64	-1.5876	0808	9
1045	0.0273	8.327	0.303	0.7	3	0	164	0.240022418400429	0.20551309065062	0.27	14.76	0	-1.30933331998376	0.018292682926829	-4.00125413915609	-3	-0.27	0808	9
1071	0.0272	9.5	0.33	0.7	38	0	1421	0.179827232388943	0.266326935793218	3.42	127.89	0	1.22964055107451	0.026741731175229	-3.62152996837071	-38	-3.42	0808	9
1047	0.0269	7.633	0.303	0.7	5	0	225	0.184013451040257	0.223674692248039	0.45	20.25	0	-0.798507696217772	0.022222222222222	-3.80666248977032	-5	-0.45	0808	9
1046	0.0269	7.633	0.303	0.7	78	0	1587	0.245681643055202	0.260188997847832	7.02	142.83	0	1.94876321803772	0.049149338374291	-3.01289189383682	-78	-7.02	0808	9
1088	0.027	9.5	0.33	0.7	4	0	4946	0.633453383559553	0.318874160551702	0.36	445.14	0	-1.02165124753198	0.000808734330772	-7.12004008696147	-4	-0.36	0808	9
1072	0.0262	9.5	0.33	0.7	16	0	4981	0.262271720486386	0.287595537097818	1.44	448.29	0	0.364643113587909	0.00321220638426	-5.7407972308335	-16	-1.44	0808	9
1089	0.0276	9.5	0.33	0.7	1	0	5591	0.248407643312102	0.351724137931034	0.09	503.19	0	-2.40794560865187	0.000178858880343	-8.62891344102665	-1	-0.09	0808	9
1073	0.0248	9.5	0.33	0.7	23	0	4349	0.285565904697045	0.275787350833358	2.07	391.41	0	0.727548607277278	0.005288572085537	-5.24220699666849	-23	-2.07	0808	9
1090	0.0242	9.536	0.332	0.7	10	0.18	1472	0.05200726544892	0.335291642088748	0.9	132.48	0.0162	-0.105360515657826	0.00679347826087	-4.99179220629478	-9.82	-0.8838	0808	9
1129	0.0152	9.8	0.41	0.6	188	17.19	3972	0.267742233589751	0.118835592883364	16.92	357.48	1.5471	2.82849635417808	0.047331319234642	-3.05058306233511	-170.81	-15.3729	0808	9
1128	0.0152	9.8	0.41	0.6	2	1.98	136	0.075854098545496	0.234996249062266	0.18	12.24	0.1782	-1.71479842809193	0.014705882352941	-4.21950770517611	-0.02	-0.0018	0808	9
1127	0.0155	9.8	0.41	0.6	20	1.44	80	0.28760691735205	0.196469431968998	1.8	7.2	0.1296	0.587786664902119	0.25	-1.38629436111989	-18.56	-1.6704	0808	9
1121	0.0161	9.8	0.41	0.6	18	0.45	1730	0.182410632918772	0.125840595907533	1.62	155.7	0.0405	0.482426149244293	0.010404624277457	-4.56550492959566	-17.55	-1.5795	0808	9
1108	0.0186	9.9	0.35	0.6	2	0	587	0.53448275862069	0.266903914590747	0.18	52.83	0	-1.71479842809193	0.003407155025554	-5.68187763926815	-2	-0.18	0808	9
1107	0.0198	9.9	0.35	0.6	48	0	4512	0.385259942723224	0.252549894025502	4.32	406.08	0	1.46325540225602	0.01063829787234	-4.54329478227	-48	-4.32	0808	9
1098	0.0202	9.9	0.35	0.7	2	0	898	0.189589665653495	0.325082508250825	0.18	80.82	0	-1.71479842809193	0.002227171492205	-6.10702288774226	-2	-0.18	0808	9
1091	0.0212	9.7	0.34	0.7	40	0	5428	0.117723457006024	0.305136751410666	3.6	488.52	0	1.28093384546206	0.007369196757553	-4.91044656684082	-40	-3.6	0808	9
1131	0.0163	9.9	0.44	0.6	41	27.54	7795	0.419015676882473	0.25525429493604	3.69	701.55	2.4786	1.30562645805244	0.005259781911482	-5.24766571478757	-13.46	-1.2114	0808	9
1130	0.0164	9.858	0.428	0.6	119	24.03	4712	0.202547885850974	0.085802274556567	10.71	424.08	2.1627	2.37117788445966	0.02525466893039	-3.67874423221989	-94.97	-8.5473	0808	9
1133	0.0171	9.9	0.44	0.6	118	1.17	2932	0.380552163579363	0.292090622922661	10.62	263.88	0.1053	2.36273901581379	0.040245566166439	-3.21275543854088	-116.83	-10.5147	0808	9
1132	0.0163	9.9	0.44	0.6	157	14.49	5367	0.251891328715089	0.228557458823401	14.13	483.03	1.3041	2.64830019669644	0.02925284143842	-3.53177856682852	-142.51	-12.8259	0808	9
1122	0.0167	9.9	0.44	0.6	142	25.11	5966	0.225861335878321	0.325536676253914	12.78	536.94	2.2599	2.54788144894939	0.02380154207174	-3.73800490747343	-116.89	-10.5201	0808	9
1134	0.0181	9.9	0.44	0.6	46	2.34	4575	0.21021531253155	0.391830356734516	4.14	411.75	0.2106	1.42069578783722	0.010054644808743	-4.59972058122053	-43.66	-3.9294	0808	9
1138	0.0184	10.02	0.392	0.6	20	32.49	5624	0.500110959250233	0.343651175062523	1.8	506.16	2.9241	0.587786664902119	0.003556187766714	-5.63906615993651	12.49	1.1241	0808	9
1139	0.0196	10.1	0.36	0.6	18	1.26	7092	0.385369116753217	0.226908829048123	1.62	638.28	0.1134	0.482426149244293	0.00253807106599	-5.97635090929793	-16.74	-1.5066	0808	9
1140	0.0196	10.1	0.36	0.6	11	26.64	3591	0.013005458004013	0.32285075050154	0.99	323.19	2.3976	-0.010050335853501	0.003063213589529	-5.78829072142771	15.64	1.4076	0809	10
1141	0.019	10.1	0.36	0.6	28	36.18	3572	0.11254874497608	0.315316888948031	2.52	321.48	3.2562	0.924258901523332	0.007838745800672	-4.84867643182119	8.18	0.7362	0809	10
1142	0.0184	9.8	0.336	0.6	19	0	406	0.115470779263208	0.303701924161668	1.71	36.54	0	0.536493370514568	0.04679802955665	-3.06191418043529	-19	-1.71	0809	10
1137	0.0177	10.1	0.36	0.6	87	9.54	4539	0.06870750833052	0.32324463198237	7.83	408.51	0.8586	2.05796251000271	0.019167217448777	-3.95455388380188	-77.46	-6.9714	0809	10
1136	0.0189	10.1	0.36	0.6	448	30.33	4942	0.264845729844509	-0.047018985372232	40.32	444.78	2.7297	3.69684762376311	0.090651558073654	-2.40073215413357	-417.67	-37.5903	0809	10
1135	0.0189	10.1	0.36	0.6	139	16.92	5367	0.177098349349028	0.209280929061934	12.51	483.03	1.5228	2.52652832447882	0.025899012483697	-3.65355043904614	-122.08	-10.9872	0808	9
1058	0.0224	7.8	0.35	0.8	1	0.36	4938	-0.064171122994652	0.17056856187291	0.09	444.42	0.0324	-2.40794560865187	0.000202511138113	-8.50471566990512	-0.64	-0.0576	0808	9
1055	0.0225	7.7	0.35	0.8	18	0.09	6890	0.224413110127031	0.07106469939417	1.62	620.1	0.0081	0.482426149244293	0.002612481857765	-5.94745460611154	-17.91	-1.6119	0808	9
1061	0.0262	7.9	0.35	0.8	8	0	5400	0.382575327219388	0.180949285510118	0.72	486	0	-0.328504066972036	0.001481481481481	-6.51471269087253	-8	-0.72	0808	9
1100	0.0261	8.055	0.482	0.8	106	0	2212	0.305592446699295	-0.023356481021338	9.54	199.08	0	2.2554934854602	0.047920433996383	-3.03821326853016	-106	-9.54	0808	9
1101	0.0263	8.1	0.5	0.8	67	0.18	3171	0.309858200105604	0.031710141894057	6.03	285.39	0.0162	1.79674701073909	0.021128981393882	-3.85710965514738	-66.82	-6.0138	0808	9
1102	0.0263	8.26	0.46	0.8	58	0	2687	0.276252466424952	0.09127199526111	5.22	241.83	0	1.65249740189455	0.0215854112393	-3.83573759806907	-58	-5.22	0808	9
1109	0.0262	8.3	0.45	0.8	43	0.09	4046	0.250865849545476	-0.043561253206056	3.87	364.14	0.0081	1.35325450704169	0.010627780523974	-4.54428390203413	-42.91	-3.8619	0808	9
1110	0.0255	8.3	0.45	0.7	36	0	3801	0.143422297345419	-0.030608136701338	3.24	342.09	0	1.17557332980424	0.009471191791634	-4.65950053053314	-36	-3.24	0808	9
1111	0.0253	8.3	0.45	0.7	68	0.09	2434	0.36369806941047	0.121182987291287	6.12	219.06	0.0081	1.81156209652423	0.027937551355793	-3.57778356837137	-67.91	-6.1119	0808	9
1112	0.0249	8.3	0.45	0.7	8	0.18	5483	0.084582198715203	0.183993764009762	0.72	493.47	0.0162	-0.328504066972036	0.001459055261718	-6.52996613372421	-7.82	-0.7038	0808	9
1113	0.024	8.46	0.442	0.7	1	0	7293	0.114503816793893	0.028169014084507	0.09	656.37	0	-2.40794560865187	0.000137117784177	-8.89467026298423	-1	-0.09	0808	9
1095	0.0268	8	0.46	0.8	49	0	1750	0.286569243227816	0.000573419215467	4.41	157.5	0	1.48387468945875	0.028	-3.57555076880693	-49	-4.41	0808	9
1099	0.0265	8	0.46	0.8	25	0	1786	0.264406844931227	0.004394108883982	2.25	160.74	0	0.810930216216329	0.013997760358343	-4.26885793656824	-25	-2.25	0808	9
1094	0.0269	8	0.386	0.8	24	0.9	3766	0.463258324639506	0.174933985938336	2.16	338.94	0.081	0.770108221696074	0.006372809346787	-5.05571487886915	-23.1	-2.079	0808	9
1080	0.0271	8	0.38	0.8	8	0	4511	0.282127234662612	0.059362570989179	0.72	405.99	0	-0.328504066972036	0.001773442695633	-6.33483259572856	-8	-0.72	0808	9
1093	0.0269	8	0.38	0.8	12	0.18	5270	0.39785528964319	0.06021719779577	1.08	474.3	0.0162	0.076961041136128	0.002277039848197	-6.08487899174741	-11.82	-1.0638	0808	9
1079	0.0272	8	0.38	0.8	1	0.18	3530	0.088235294117647	0.057142857142857	0.09	317.7	0.0162	-2.40794560865187	0.00028328611898	-8.16905314992734	-0.82	-0.0738	0808	9
1077	0.0263	7.9	0.35	0.8	22	0	4993	0.353927066217784	0.151646793837407	1.98	449.37	0	0.683096844706444	0.004406168636091	-5.42474975714229	-22	-1.98	0808	9
1175	0.0218	7.3	0.4	0.8	31	0	2855	0.064199250517039	0.39614359305868	2.79	256.95	0	1.02604159583327	0.010858143607706	-4.52283991760496	-31	-2.79	1204	11
1176	0.0212	7.3	0.386	0.8	3	0	3664	0.027612794879743	-0.215668733395075	0.27	329.76	0	-1.30933331998376	0.000818777292576	-7.10769843712591	-3	-0.27	1204	11
1177	0.0218	7.3	0.37	0.8	27	0	4097	0.164746496121798	0.01835003313112	2.43	368.73	0	0.887891257352457	0.006590187942397	-5.02217341154254	-27	-2.43	1204	11
1074	0.0217	7.3	0.37	0.8	1	0	7260	-0.047619047619048	0.041666666666667	0.09	653.4	0	-2.40794560865187	0.000137741046832	-8.89013510781884	-1	-0.09	1204	11
1216	0.0235	7.4	0.38	0.8	5	0	3728	0.159766393322581	-0.222020100512506	0.45	335.52	0	-0.798507696217772	0.001341201716738	-6.61418926337138	-5	-0.45	1204	11
1210	0.0215	7.4	0.38	0.8	3	0.09	3578	-0.119154288927255	0.082915108239828	0.27	322.02	0.0081	-1.30933331998376	0.000838457238681	-7.08394697540056	-2.91	-0.2619	1204	11
1232	0.0211	7.4	0.37	0.8	6	0.09	3470	0.408124238005522	0.074784188047166	0.54	312.3	0.0081	-0.616186139423817	0.001729106628242	-6.36015040371285	-5.91	-0.5319	1204	11
1221	0.0213	7.4	0.366	0.8	6	0	4094	-0.090367816706128	0.03304685568627	0.54	368.46	0	-0.616186139423817	0.001465559355154	-6.52551829699318	-6	-0.54	1204	11
1229	0.0212	7.4	0.36	0.8	5	0	726	-0.126152393871826	-0.001262001409782	0.45	65.34	0	-0.798507696217772	0.006887052341598	-4.9781121023907	-5	-0.45	1204	11
1223	0.021	7.4	0.371	0.8	3	0	2309	-0.081991578682755	0.060761569585099	0.27	207.81	0	-1.30933331998376	0.001299263750541	-6.64595752068639	-3	-0.27	1204	11
1208	0.0208	7.4	0.38	0.8	4	0	3843	0.089994290364935	0.084513608021571	0.36	345.87	0	-1.02165124753198	0.00104085349987	-6.86771422944495	-4	-0.36	1204	11
1193	0.0211	7.4	0.38	0.5	3	0.09	4838	0.380629644314096	-0.013917316541752	0.27	435.42	0.0081	-1.30933331998376	0.000620090946672	-7.38564440250186	-2.91	-0.2619	1204	11
1191	0.0224	7.4	0.369	0.5	3	9.18	5017	0.408460786367763	-0.051080575298477	0.27	451.53	0.8262	-1.30933331998376	0.000597966912498	-7.42197513581614	6.18	0.5562	1204	11
1206	0.0222	7.4	0.36	0.5	6	0	4431	0.143788361110139	-0.193516194716614	0.54	398.79	0	-0.616186139423817	0.001354096140826	-6.60462110197143	-6	-0.54	1204	11
1213	0.0219	7.4	0.38	0.8	58	0.63	2211	0.033233826503401	-0.227231428325099	5.22	198.99	0.0567	1.65249740189455	0.026232473993668	-3.64075717031103	-57.37	-5.1633	1204	11
1199	0.0319	7.4	0.34	0.5	3	0.54	696	0.141285014947311	-0.150318264699446	0.27	62.64	0.0486	-1.30933331998376	0.004310344827586	-5.44673737166631	-2.46	-0.2214	1204	11
1168	0.033	7.4	0.36	0.5	2	0	997	0.313725490196078	-0.069444444444444	0.18	89.73	0	-1.71479842809193	0.002006018054162	-6.21160358940189	-2	-0.18	1204	11
1203	0.0221	7.4	0.36	0.5	4	0.18	1201	0.262303930907474	0.121138325855856	0.36	108.09	0.0162	-1.02165124753198	0.003330557868443	-5.70461546096009	-3.82	-0.3438	1204	11
1189	0.0232	7.4	0.36	0.5	4	0.18	468	0.262303930907474	0.121138325855856	0.36	42.12	0.0162	-1.02165124753198	0.008547008547009	-4.76217393479776	-3.82	-0.3438	1204	11
1228	0.0203	7.4	0.346	0.8	3	91.17	203	-0.216126235530505	-0.110989168441101	0.27	18.27	8.2053	-1.30933331998376	0.014778325123153	-4.21459369037368	88.17	7.9353	1204	11
1267	0.0291	7	0.32	0.8	9	0.09	2043	0.118018945484836	-0.33443431327613	0.81	183.87	0.0081	-0.210721031315653	0.004405286343612	-5.4249500174814	-8.91	-0.8019	1209	12
1245	0.02	7.4	0.337	0.5	5	0	4707	0.225451112970345	-0.236021600893375	0.45	423.63	0	-0.798507696217772	0.001062247716167	-6.84736812896704	-5	-0.45	1204	11
1293	0.0186	4.9	0.27	0.8	102	0	982	0.176229901729292	-0.232994235511444	9.18	88.38	0	2.2170272046324	0.103869653767821	-2.2646184950702	-102	-9.18	1210	13
1284	0.0186	4.9	0.27	0.8	6	0	587	0.072288970279134	-0.282110172042815	0.54	52.83	0	-0.616186139423817	0.010221465076661	-4.58326535060004	-6	-0.54	1210	13
1360	0.0264	4.2	0.15	0.5	9	0	1487	0.084445983326979	-0.171718251990207	0.81	133.83	0	-0.210721031315653	0.00605245460659	-5.10729136912394	-9	-0.81	1210	13
1379	0.0428	4.1	0.431	0.5	2	2.61	1026	0.036082474226804	-0.21484375	0.18	92.34	0.2349	-1.71479842809193	0.001949317738791	-6.24027584517077	0.61	0.0549	1211	14
1358	0.0258	4.2	0.15	0.5	16	0	3074	0.116072589049806	-0.198013337847838	1.44	276.66	0	0.364643113587909	0.005204944697463	-5.25814620185876	-16	-1.44	1210	13
623	0.0504	2	0.26	0.5	4	0.9	3530	0.42927210347839	0.163814086192338	0.36	317.7	0.081	-1.02165124753198	0.001133144475921	-6.78275878880745	-3.1	-0.279	0314	6
624	0.0504	2	0.26	0.5	1	0	2268	0.317073170731707	0.2	0.09	204.12	0	-2.40794560865187	0.000440917107584	-7.72665366484764	-1	-0.09	0314	6
678	0.0449	2	0.26	0.5	1	0.63	2862	0.436123348017621	0.116438356164384	0.09	257.58	0.0567	-2.40794560865187	0.000349406009783	-7.9592759601164	-0.37	-0.0333	0314	6
716	0.0347	1.933	0.29	0.5	1	0	2147	0.348314606741573	0.021276595744681	0.09	193.23	0	-2.40794560865187	0.000465766185375	-7.67182679787878	-1	-0.09	0314	6
675	0.0378	2	0.26	0.5	1	0.27	614	0.171806167400881	-0.122112211221122	0.09	55.26	0.0243	-2.40794560865187	0.001628664495114	-6.41999492814714	-0.73	-0.0657	0314	6
712	0.0336	2.064	0.272	0.5	3	0.81	735	0.402039350854517	0.059479769491857	0.27	66.15	0.0729	-1.30933331998376	0.004081632653061	-5.50125821054473	-2.19	-0.1971	0314	6
732	0.0312	2.079	0.273	0.5	5	0.36	311	-0.139688156769565	-0.060253662132753	0.45	27.99	0.0324	-0.798507696217772	0.016077170418006	-4.13035499974513	-4.64	-0.4176	0314	6
713	0.0336	2.064	0.272	0.5	2	0.54	357	-0.050015360983103	-0.040267585198461	0.18	32.13	0.0486	-1.71479842809193	0.005602240896359	-5.18458860121969	-1.46	-0.1314	0314	6
715	0.0309	2	0.21	0.5	6	0.54	1046	0.025188429716761	-0.17257969882957	0.54	94.14	0.0486	-0.616186139423817	0.005736137667304	-5.16096917539681	-5.46	-0.4914	0314	6
733	0.031	2	0.21	0.5	2	0.27	232	-0.134248030450562	-0.120046999276934	0.18	20.88	0.0243	-1.71479842809193	0.008620689655172	-4.75359019110636	-1.73	-0.1557	0314	6
717	0.0347	1.933	0.29	0.5	3	0.81	518	-0.011764626850402	-0.144452636155693	0.27	46.62	0.0729	-1.30933331998376	0.005791505791506	-5.15136295359137	-2.19	-0.1971	0314	6
734	0.0328	1.957	0.261	0.5	1	0.45	884	-0.215859030837004	-0.077720207253886	0.09	79.56	0.0405	-2.40794560865187	0.001131221719457	-6.78445706263764	-0.55	-0.0495	0314	6
718	0.0347	1.933	0.29	0.5	6	0.18	914	-0.151315011434929	-0.092761856894377	0.54	82.26	0.0162	-0.616186139423817	0.006564551422319	-5.0260711022261	-5.82	-0.5238	0314	6
719	0.0352	1.9	0.33	0.5	4	0.18	34	0.002505362603579	-0.20153458881599	0.36	3.06	0.0162	-1.02165124753198	0.117647058823529	-2.14006616349627	-3.82	-0.3438	0314	6
679	0.0357	1.9	0.35	0.5	1	1.71	277	0.330708661417323	0.141891891891892	0.09	24.93	0.1539	-2.40794560865187	0.003610108303249	-5.62401750618734	0.71	0.0639	0314	6
721	0.0346	1.9	0.334	0.5	13	0.09	26	-0.120508134135526	-0.130805213913616	1.17	2.34	0.0081	0.157003748809665	0.5	-0.693147180559945	-12.91	-1.1619	0314	6
720	0.0365	1.9	0.33	0.5	2	0.63	230	-0.007312883435583	0.009788607726752	0.18	20.7	0.0567	-1.71479842809193	0.008695652173913	-4.74493212836325	-1.37	-0.1233	0314	6
600	0.0585	2.6	0.36	0.5	1	0	3554	0.364102564102564	0.051383399209486	0.09	319.86	0	-2.40794560865187	0.000281373100732	-8.1758290087146	-1	-0.09	0314	6
601	0.0351	1.9	0.353	0.5	1	0.45	356	-0.073825503355705	0.014705882352941	0.09	32.04	0.0405	-2.40794560865187	0.002808988764045	-5.87493073085203	-0.55	-0.0495	0314	6
602	0.039	1.9	0.38	0.5	24	0.36	1441	0.308966730207465	-0.069215139051126	2.16	129.69	0.0324	0.770108221696074	0.016655100624566	-4.09503876565158	-23.64	-2.1276	0314	6
631	0.0307	1.9	0.38	0.5	7	0	5029	0.494944718505427	0.131800520987243	0.63	452.61	0	-0.462035459596559	0.001391926824418	-6.57706628711665	-7	-0.63	0314	6
682	0.0267	1.9	0.38	0.5	1	0	463	-0.155963302752294	0.022222222222222	0.09	41.67	0	-2.40794560865187	0.002159827213823	-6.13772705408623	-1	-0.09	0314	6
686	0.0468	1.958	0.392	0.6	1	0	2025	0.4375	0.108433734939759	0.09	182.25	0	-2.40794560865187	0.000493827160494	-7.61332497954064	-1	-0.09	0314	6
1485	0.0391	1.9	0.38	0.6	4	0	52	-0.283033629342025	-0.056734721970678	0.36	4.68	0	-1.02165124753198	0.076923076923077	-2.56494935746154	-4	-0.36	0314	6
685	0.038	1.9	0.38	0.6	1	0	1172	0.042016806722689	0.137614678899083	0.09	105.48	0	-2.40794560865187	0.000853242320819	-7.06646697013696	-1	-0.09	0314	6
570	0.0795	2	0.4	0.6	1	0	4042	0.399156421260636	0.036229051827682	0.09	363.78	0	-2.40794560865187	0.000247402276101	-8.30449489796357	-1	-0.09	0314	6
578	0.0789	2	0.4	0.5	2	0	1466	-0.118026283163898	0.190304125263475	0.18	131.94	0	-1.71479842809193	0.001364256480218	-6.59714570188665	-2	-0.18	0314	6
577	0.0767	2	0.4	0.5	13	0.09	1643	-0.154387522459602	0.238694949116756	1.17	147.87	0.0081	0.157003748809665	0.007912355447352	-4.83932976057573	-12.91	-1.1619	0314	6
580	0.0789	2	0.4	0.5	4	0.09	7410	-0.184221024636058	0.29768230638779	0.36	666.9	0.0081	-1.02165124753198	0.000539811066127	-7.52429135717024	-3.91	-0.3519	0314	6
591	0.0737	2	0.4	0.5	6	0.18	5454	-0.172944955443867	0.270308612421792	0.54	490.86	0.0162	-0.616186139423817	0.001100110011001	-6.81234509417748	-5.82	-0.5238	0314	6
588	0.0633	1.99	0.398	0.5	1	0	4389	-0.073170731707317	0.085714285714286	0.09	395.01	0	-2.40794560865187	0.000227842333105	-8.38685668968823	-1	-0.09	0314	6
587	0.0481	1.9	0.38	0.5	1	0	3753	0.472222222222222	0.143884892086331	0.09	337.77	0	-2.40794560865187	0.000266453503864	-8.23031079913502	-1	-0.09	0314	6
586	0.0481	1.9	0.38	0.5	4	0.09	2943	0.334607405304365	-0.006939542123215	0.36	264.87	0.0081	-1.02165124753198	0.00135915732246	-6.60089038711358	-3.91	-0.3519	0314	6
639	0.0656	2.047	0.372	0.5	1	0	300	-0.025830258302583	-0.187692307692308	0.09	27	0	-2.40794560865187	0.003333333333333	-5.7037824746562	-1	-0.09	0314	6
1476	0.0623	2.1	0.34	0.6	1	1.17	98	0.059405940594059	0.126315789473684	0.09	8.82	0.1053	-2.40794560865187	0.010204081632653	-4.58496747867057	0.17	0.0153	0314	6
641	0.0626	2.1	0.34	0.6	1	0.45	2107	0.059405940594059	0.126315789473684	0.09	189.63	0.0405	-2.40794560865187	0.00047460844803	-7.65302041380419	-0.55	-0.0495	0314	6
1495	0.0625	2.1	0.34	0.6	4	2.52	202	-0.294867992042078	0.024649808689029	0.36	18.18	0.2268	-1.02165124753198	0.01980198019802	-3.92197333628131	-1.48	-0.1332	0314	6
1493	0.0617	2.1	0.34	0.6	2	3.33	124	-0.179164585414585	-0.140045353080821	0.18	11.16	0.2997	-1.71479842809193	0.016129032258065	-4.12713438504509	1.33	0.1197	0314	6
1498	0.056	2.14	0.258	0.6	15	2.79	592	-0.154508414054576	-0.042891173240954	1.35	53.28	0.2511	0.300104592450338	0.025337837837838	-3.67545643378179	-12.21	-1.0989	0314	6
1478	0.0558	2.133	0.27	0.6	9	1.8	1310	-0.10666237864454	-0.020855556651025	0.81	117.9	0.162	-0.210721031315653	0.006870229007634	-4.98055783885898	-7.2	-0.648	0314	6
643	0.0561	2.144	0.25	0.6	8	0.09	1691	0.085566343570622	0.059363327853756	0.72	152.19	0.0081	-0.328504066972036	0.004730928444707	-5.35363380721874	-7.91	-0.7119	0314	6
1497	0.0594	2.1	0.332	0.6	3	1.98	81	-0.169038880854443	0.003405809877512	0.27	7.29	0.1782	-1.30933331998376	0.037037037037037	-3.29583686600433	-1.02	-0.0918	0314	6
1477	0.0595	2.1	0.331	0.6	1	0.09	774	-0.213675213675214	0.069767441860465	0.09	69.66	0.0081	-2.40794560865187	0.001291989664083	-6.65157187358973	-0.91	-0.0819	0314	6
1499	0.0528	2.2	0.15	0.6	2	1.98	118	-0.38904052936311	-0.010204081632653	0.18	10.62	0.1782	-1.71479842809193	0.016949152542373	-4.07753744390572	-0.02	-0.0018	0314	6
646	0.0608	2.2	0.15	0.6	6	0	224	0.110908520275109	0.138357494136311	0.54	20.16	0	-0.616186139423817	0.026785714285714	-3.61988658262699	-6	-0.54	0314	6
362	0.0514	2.3	0.14	0.6	4	2.7	179	-0.051629949250571	-0.061756660429475	0.36	16.11	0.243	-1.02165124753198	0.022346368715084	-3.80109144472086	-1.3	-0.117	0314	6
608	0.0599	2.2	0.15	0.6	2	0	508	-0.045252064319861	-0.086046511627907	0.18	45.72	0	-1.71479842809193	0.003937007874016	-5.53733426701854	-2	-0.18	0314	6
609	0.0689	2.2	0.15	0.5	7	1.17	871	0.05409167786377	-0.011203950174186	0.63	78.39	0.1053	-0.462035459596559	0.008036739380023	-4.82373182779719	-5.83	-0.5247	0314	6
341	0.065	2.29	0.141	0.5	1	0.09	380	0.243243243243243	-0.095081967213115	0.09	34.2	0.0081	-2.40794560865187	0.002631578947368	-5.94017125272043	-0.91	-0.0819	0314	6
353	0.0557	2.3	0.14	0.6	2	0.09	687	0.346973838344397	-0.048645560086227	0.18	61.83	0.0081	-1.71479842809193	0.002911208151383	-5.8391871116624	-1.91	-0.1719	0314	6
363	0.0529	2.3	0.14	0.6	5	0.27	409	-0.297626565934136	0.028687207805812	0.45	36.81	0.0243	-0.798507696217772	0.012224938875306	-4.4042772436087	-4.73	-0.4257	0314	6
352	0.0531	2.3	0.14	0.6	1	0.36	569	0.378640776699029	0.025270758122744	0.09	51.21	0.0324	-2.40794560865187	0.001757469244288	-6.34388043412633	-0.64	-0.0576	0314	6
365	0.0558	2.3	0.14	0.6	12	0	454	-0.187774465080843	0.058239381836403	1.08	40.86	0	0.076961041136128	0.026431718061674	-3.63319054825335	-12	-1.08	0314	6
369	0.0619	2.4	0.14	0.6	1	0.09	748	0.2	0.048543689320388	0.09	67.32	0.0081	-2.40794560865187	0.001336898395722	-6.61740297797448	-0.91	-0.0819	0314	6
364	0.0558	2.3	0.14	0.6	8	0	880	-0.146492254525601	0.00332357287089	0.72	79.2	0	-0.328504066972036	0.009090909090909	-4.70048036579242	-8	-0.72	0314	6
344	0.0708	2.464	0.146	0.5	2	0	2788	0.074517374517375	-0.101000741289844	0.18	250.92	0	-1.71479842809193	0.000717360114778	-7.23993259132047	-2	-0.18	0314	6
594	0.0759	2.2	0.15	0.5	4	0.09	937	0.363317542794027	0.171783706513352	0.36	84.33	0.0081	-1.02165124753198	0.004268943436499	-5.45638892111853	-3.91	-0.3519	0314	6
339	0.0759	2.2	0.15	0.5	4	0	948	0.371368605036647	0.170626144699632	0.36	85.32	0	-1.02165124753198	0.0042194092827	-5.46806014113513	-4	-0.36	0314	6
593	0.0759	2.2	0.15	0.5	1	0	384	-0.185185185185185	0.128205128205128	0.09	34.56	0	-2.40794560865187	0.002604166666667	-5.95064255258773	-1	-0.09	0314	6
423	0.0449	2.8	0.416	0.5	6	0.27	5127	0.06731514669237	0.008730152908005	0.54	461.43	0.0243	-0.616186139423817	0.001170275014628	-6.75051650255565	-5.73	-0.5157	0314	6
435	0.0415	2.8	0.41	0.5	1	1.26	5265	0.049180327868852	0.049180327868852	0.09	473.85	0.1134	-2.40794560865187	0.000189933523267	-8.56883642456808	0.26	0.0234	0314	6
424	0.0449	2.8	0.416	0.5	1	1.26	5971	0.049180327868852	0.049180327868852	0.09	537.39	0.1134	-2.40794560865187	0.000167476134651	-8.69466969654699	0.26	0.0234	0314	6
418	0.0547	2.729	0.406	0.5	1	0	1049	-0.025210084033613	-0.153284671532847	0.09	94.41	0	-2.40794560865187	0.00095328884652	-6.9555926083963	-1	-0.09	0314	6
417	0.0547	2.729	0.406	0.5	15	0.27	475	0.106690510947764	-0.004349335741943	1.35	42.75	0.0243	0.300104592450338	0.031578947368421	-3.45526460293243	-14.73	-1.3257	0314	6
414	0.0502	2.622	0.4	0.6	2	0	221	-0.060869565217391	-0.15625	0.18	19.89	0	-1.71479842809193	0.009049773755656	-4.70501552095781	-2	-0.18	0314	6
415	0.0521	2.7	0.4	0.6	1	1.08	1033	0.018867924528302	-0.092436974789916	0.09	92.97	0.0972	-2.40794560865187	0.000968054211036	-6.94022246911964	0.08	0.0072	0314	6
409	0.0507	2.683	0.4	0.6	1	0.63	359	-0.148148148148148	-0.115384615384615	0.09	32.31	0.0567	-2.40794560865187	0.002785515320334	-5.88332238848828	-0.37	-0.0333	0314	6
388	0.0506	2.6	0.4	0.5	1	0	1612	0.226666666666667	-0.178571428571429	0.09	145.08	0	-2.40794560865187	0.000620347394541	-7.38523092306657	-1	-0.09	0314	6
394	0.0585	2.663	0.4	0.5	44	0.27	2538	0.096914627034368	-0.078066971747264	3.96	228.42	0.0243	1.37624402526639	0.017336485421592	-4.05494201435607	-43.73	-3.9357	0314	6
377	0.0747	2.5	0.15	0.6	2	0.45	1786	0.012770705901802	-0.208696856391082	0.18	160.74	0.0405	-1.71479842809193	0.001119820828667	-6.7945865808765	-1.55	-0.1395	0314	6
361	0.0588	2.5	0.15	0.5	2	10.35	3791	0.212278353964537	0.138687235329704	0.18	341.19	0.9315	-1.71479842809193	0.000527565286204	-7.54723793495639	8.35	0.7515	0314	6
359	0.0617	2.5	0.15	0.5	1	0	2238	0.163636363636364	0.361702127659574	0.09	201.42	0	-2.40794560865187	0.000446827524576	-7.71333788887187	-1	-0.09	0314	6
349	0.061	2.5	0.15	0.5	1	0.27	2202	0.163636363636364	0.361702127659574	0.09	198.18	0.0243	-2.40794560865187	0.000454132606721	-7.69712131728263	-0.73	-0.0657	0314	6
387	0.0625	2.6	0.37	0.6	1	0	973	-0.135135135135135	0.333333333333333	0.09	87.57	0	-2.40794560865187	0.001027749229188	-6.880384082186	-1	-0.09	0314	6
1910	0.0546	2.8	0.42	0.6	1	1.08	819	-0.082352941176471	-0.071428571428571	0.09	73.71	0.0972	-2.40794560865187	0.001221001221001	-6.70808408385307	0.08	0.0072	0314	6
430	0.0561	2.8	0.42	0.6	1	2.97	1041	-0.228070175438596	-0.12	0.09	93.69	0.2673	-2.40794560865187	0.000960614793468	-6.94793706861497	1.97	0.1773	0314	6
449	0.0544	2.8	0.42	0.6	4	10.98	2478	-0.038360002049868	-0.134603804117583	0.36	223.02	0.9882	-1.02165124753198	0.001614205004036	-6.4289127010692	6.98	0.6282	0314	6
432	0.0545	2.8	0.42	0.5	2	0.63	830	-0.079648423341791	-0.079748211212752	0.18	74.7	0.0567	-1.71479842809193	0.002409638554217	-6.0282785202307	-1.37	-0.1233	0314	6
450	0.0544	2.8	0.42	0.6	2	2.07	278	-0.046151337247228	-0.120943748702691	0.18	25.02	0.1863	-1.71479842809193	0.007194244604317	-4.93447393313069	0.07	0.0063	0314	6
454	0.0521	2.8	0.419	0.6	1	0.45	87	-0.102803738317757	-0.232	0.09	7.83	0.0405	-2.40794560865187	0.011494252873563	-4.46590811865458	-0.55	-0.0495	0314	6
453	0.0521	2.8	0.419	0.6	3	2.07	1375	0.064991346486674	-0.231212787212787	0.27	123.75	0.1863	-1.30933331998376	0.002181818181818	-6.12759672143256	-0.93	-0.0837	0314	6
452	0.0521	2.8	0.419	0.6	1	1.62	2165	0.22	-0.207792207792208	0.09	194.85	0.1458	-2.40794560865187	0.000461893764434	-7.68017564043659	0.62	0.0558	0314	6
436	0.0415	2.8	0.41	0.5	4	0.27	7171	0.350549416643792	0.084772048618413	0.36	645.39	0.0243	-1.02165124753198	0.000557802259099	-7.49150603276268	-3.73	-0.3357	0314	6
455	0.0427	2.8	0.41	0.5	12	0.27	5858	0.400411404523613	0.098515849756684	1.08	527.22	0.0243	0.076961041136128	0.00204848071014	-6.19065687759968	-11.73	-1.0557	0314	6
466	0.0506	2.8	0.413	0.6	1	1.17	2613	-0.076142131979695	-0.269076305220884	0.09	235.17	0.1053	-2.40794560865187	0.000382701875239	-7.86825426552061	0.17	0.0153	0314	6
471	0.0403	2.8	0.41	0.6	9	1.35	1692	-0.002676855792712	-0.172990935365279	0.81	152.28	0.1215	-0.210721031315653	0.00531914893617	-5.23644196282995	-7.65	-0.6885	0314	6
470	0.0468	2.8	0.41	0.6	2	8.19	1316	-0.028886473054822	-0.160503130071876	0.18	118.44	0.7371	-1.71479842809193	0.001519756838906	-6.48920493132532	6.19	0.5571	0314	6
503	0.0434	2.8	0.42	0.6	12	0.18	1052	-0.494039401460497	0.160770378735459	1.08	94.68	0.0162	0.076961041136128	0.011406844106464	-4.47354174350965	-11.82	-1.0638	0314	6
504	0.0434	2.8	0.42	0.6	12	0.18	416	-0.494039401460497	0.160770378735459	1.08	37.44	0.0162	0.076961041136128	0.028846153846154	-3.54577861047326	-11.82	-1.0638	0314	6
514	0.0427	2.8	0.42	0.6	1	1.35	1420	-0.306666666666667	0.019607843137255	0.09	127.8	0.1215	-2.40794560865187	0.000704225352113	-7.25841215059531	0.35	0.0315	0314	6
505	0.0223	2.8	0.42	0.6	2	2.61	542	-0.033151059466849	-0.050065876152833	0.18	48.78	0.2349	-1.71479842809193	0.003690036900369	-5.6021188208797	0.61	0.0549	0314	6
483	0.032	2.8	0.41	0.6	2	0	1604	-0.258672335491352	0.057864386557964	0.18	144.36	0	-1.71479842809193	0.001246882793017	-6.68710860786651	-2	-0.18	0314	6
482	0.0363	2.8	0.41	0.6	6	0.09	1253	-0.000487169372193	-0.160591760256701	0.54	112.77	0.0081	-0.616186139423817	0.004788507581804	-5.34153648566801	-5.91	-0.5319	0314	6
438	0.0319	2.8	0.41	0.5	4	3.42	6344	-0.069681495903898	-0.059602629759358	0.36	570.96	0.3078	-1.02165124753198	0.00063051702396	-7.36897040219479	-0.58	-0.0522	0314	6
437	0.0343	2.8	0.41	0.5	5	1.17	3841	-0.04795258153068	-0.094294322617338	0.45	345.69	0.1053	-0.798507696217772	0.001301744337412	-6.6440501159118	-3.83	-0.3447	0314	6
459	0.0319	2.8	0.41	0.5	3	7.47	5440	-0.121153846153846	0.116982836495032	0.27	489.6	0.6723	-1.30933331998376	0.000551470588235	-7.50292205118188	4.47	0.4023	0314	6
544	0.0283	2.8	0.443	0.7	2	0.54	4322	-0.174445865302643	-0.103292850882684	0.18	388.98	0.0486	-1.71479842809193	0.000462748727441	-7.67832635650689	-1.46	-0.1314	0313	5
730	0.034	2.1	0.29	0.7	4	1.08	2232	0.096681069870822	-0.017659297024316	0.36	200.88	0.0972	-1.02165124753198	0.001792114695341	-6.32435896238131	-2.92	-0.2628	0314	6
731	0.0324	2.1	0.29	0.7	1	0.45	2503	0.208121827411168	-0.028571428571429	0.09	225.27	0.0405	-2.40794560865187	0.00039952057531	-7.82524529143177	-0.55	-0.0495	0314	6
709	0.0349	2.1	0.29	0.7	2	0.27	1289	0.102932464454976	0.132629107981221	0.18	116.01	0.0243	-1.71479842809193	0.00155159038014	-6.46847482237924	-1.73	-0.1557	0314	6
728	0.0393	2.5	0.39	0.7	4	0.18	1301	0.046583788745944	-0.058851229732075	0.36	117.09	0.0162	-1.02165124753198	0.003074558032283	-5.78459411739261	-3.82	-0.3438	0316	7
745	0.0394	2.5	0.39	0.7	3	0.54	83	-0.08773921873737	-0.032416396979504	0.27	7.47	0.0486	-1.30933331998376	0.036144578313253	-3.32022831912849	-2.46	-0.2214	0314	6
744	0.0385	2.5	0.39	0.7	1	5.67	1770	-0.291428571428571	0.107142857142857	0.09	159.3	0.5103	-2.40794560865187	0.000564971751412	-7.47873482556787	4.67	0.4203	0314	6
740	0.0377	2.6	0.38	0.7	6	1.35	2980	0.24251904334821	-0.105186376145692	0.54	268.2	0.1215	-0.616186139423817	0.002013422818792	-6.2079191102714	-4.65	-0.4185	0314	6
742	0.0375	2.529	0.387	0.7	12	0.36	394	-0.05875248807565	-0.067295515326394	1.08	35.46	0.0324	0.076961041136128	0.030456852791878	-3.49144425950993	-11.64	-1.0476	0314	6
741	0.0375	2.529	0.387	0.7	11	0.18	469	-0.088569147830779	-0.064695979359802	0.99	42.21	0.0162	-0.010050335853501	0.023454157782516	-3.75270749564791	-10.82	-0.9738	0314	6
739	0.0377	2.6	0.38	0.7	5	1.08	3927	0.245337572830035	-0.108178538592875	0.45	353.43	0.0972	-0.798507696217772	0.001273236567354	-6.66619314214391	-3.92	-0.3528	0314	6
670	0.0546	2.4	0.399	0.5	1	0.18	3173	0.370165745856354	-0.01195219123506	0.09	285.57	0.0162	-2.40794560865187	0.000315159155373	-8.06243279158319	-0.82	-0.0738	0316	7
596	0.0692	2.6	0.36	0.5	2	0.27	619	-0.163825363825364	-0.038314176245211	0.18	55.71	0.0243	-1.71479842809193	0.003231017770598	-5.73495809212465	-1.73	-0.1557	0316	7
567	0.1083	2.656	0.342	0.5	5	0.99	1674	-0.023332086807182	0.004870577310324	0.45	150.66	0.0891	-0.798507696217772	0.002986857825568	-5.81353333861532	-4.01	-0.3609	0316	7
571	0.0553	3.2	0.355	0.5	1	1.08	2277	0.069767441860465	-0.065989847715736	0.09	204.93	0.0972	-2.40794560865187	0.000439174352218	-7.73061406606374	0.08	0.0072	0316	7
582	0.0373	3.3	0.36	0.5	86	0.36	2359	0.204338273487938	-0.102070743423232	7.74	212.31	0.0324	2.04640168760164	0.036456125476897	-3.31164578315417	-85.64	-7.7076	0316	7
564	0.1029	2.9	0.35	0.5	16	0.09	1347	-0.046171917152704	-0.217853604022383	1.44	121.23	0.0081	0.364643113587909	0.011878247958426	-4.43304645417058	-15.91	-1.4319	0316	7
701	0.0463	4.7	0.403	0.7	2	0.09	1478	0.273998989516231	0.073707865168539	0.18	133.02	0.0081	-1.71479842809193	0.001353179972936	-6.6052979209482	-1.91	-0.1719	0317	8
702	0.0463	4.7	0.403	0.7	31	0.54	2255	0.028190713016906	-0.009433005614081	2.79	202.95	0.0486	1.02604159583327	0.013747228381375	-4.28691804745163	-30.46	-2.7414	0317	8
666	0.0443	3.6	0.37	0.7	2	0.18	4278	-0.131918435289222	0.034754098360656	0.18	385.02	0.0162	-1.71479842809193	0.000467508181393	-7.66809370908241	-1.82	-0.1638	0317	8
665	0.052	3.6	0.37	0.7	1	0	4674	0.253456221198157	-0.071672354948805	0.09	420.66	0	-2.40794560865187	0.000213949507916	-8.4497705150988	-1	-0.09	0317	8
700	0.0411	4.821	0.411	0.7	2	0.63	5683	0.080862533692722	-0.020230473751601	0.18	511.47	0.0567	-1.71479842809193	0.000351926799226	-7.95208736073718	-1.37	-0.1233	0317	8
699	0.0393	5.1	0.42	0.7	7	0.63	1162	0.197672536551424	0.065447167709113	0.63	104.58	0.0567	-0.462035459596559	0.006024096385542	-5.11198778835654	-6.37	-0.5733	0317	8
661	0.0348	5.4	0.445	0.7	2	0	4075	0.133320632501429	0.082092638544251	0.18	366.75	0	-1.71479842809193	0.000490797546012	-7.61947884511502	-2	-0.18	0317	8
698	0.0335	4.98	0.416	0.7	2	0	134	-0.113944655453066	-0.025739005046864	0.18	12.06	0	-1.71479842809193	0.014925373134328	-4.20469261939097	-2	-0.18	0317	8
659	0.0257	6	0.48	0.7	1	0.72	1663	0.022900763358779	0.030769230769231	0.09	149.67	0.0648	-2.40794560865187	0.000601322910403	-7.41637847919293	-0.28	-0.0252	0317	8
697	0.0258	6	0.48	0.7	1	0.63	1502	0.170212765957447	0.042654028436019	0.09	135.18	0.0567	-2.40794560865187	0.000665778961385	-7.31455283232408	-0.37	-0.0333	0317	8
696	0.0264	6	0.48	0.7	1	0.72	2252	0.170212765957447	0.042654028436019	0.09	202.68	0.0648	-2.40794560865187	0.00044404973357	-7.71957398925958	-0.28	-0.0252	0317	8
658	0.0268	6	0.48	0.7	4	0.54	4090	0.132477438655928	-0.006254130085906	0.36	368.1	0.0486	-1.02165124753198	0.000977995110024	-6.93000588791696	-3.46	-0.3114	0317	8
656	0.0404	5.95	0.49	0.7	7	0.54	1542	-0.073277527664255	0.147635146216575	0.63	138.78	0.0486	-0.462035459596559	0.004539559014267	-5.39492540506796	-6.46	-0.5814	0317	8
655	0.025	6.14	0.5	0.7	1	0	87	-0.164383561643836	0.12962962962963	0.09	7.83	0	-2.40794560865187	0.011494252873563	-4.46590811865458	-1	-0.09	0317	8
694	0.0347	7.918	0.493	0.7	1	0.45	399	-0.12621359223301	-0.042553191489362	0.09	35.91	0.0405	-2.40794560865187	0.00250626566416	-5.98896141688986	-0.55	-0.0495	0317	8
689	0.025	8.817	0.498	0.7	2	0	809	0.248131807303453	0.016553287981859	0.18	72.81	0	-1.71479842809193	0.002472187886279	-6.00265173649855	-2	-0.18	0317	8
691	0.025	8.642	0.5	0.7	5	0	2856	0.062244362814986	-0.010401312577543	0.45	257.04	0	-0.798507696217772	0.001750700280112	-6.34773941102537	-5	-0.45	0317	8
692	0.0316	8.5	0.5	0.7	4	0.27	5504	0.148648815391102	-0.006891428658279	0.36	495.36	0.0243	-1.02165124753198	0.000726744186047	-7.22693601849329	-3.73	-0.3357	0317	8
690	0.025	8.642	0.5	0.7	1	0.09	4997	0.089655172413793	0.060402684563758	0.09	449.73	0.0081	-2.40794560865187	0.000200120072043	-8.51659301134421	-0.91	-0.0819	0317	8
649	0.025	8.5	0.5	0.7	6	0.18	5731	-0.065039170621235	0.06761358175443	0.54	515.79	0.0162	-0.616186139423817	0.001046937707206	-6.86188584532368	-5.82	-0.5238	0317	8
647	0.025	8.5	0.5	0.7	10	0	1273	0.079751689440828	0.049000043092265	0.9	114.57	0	-0.105360515657826	0.007855459544383	-4.84654650556336	-10	-0.9	0317	8
688	0.025	8.7	0.495	0.7	9	0	1300	0.077993039228855	0.056881430336994	0.81	117	0	-0.210721031315653	0.006923076923077	-4.97289496611341	-9	-0.81	0317	8
722	0.0293	8.9	0.49	0.7	5	0.45	2142	0.097627770946673	-0.067814224280878	0.45	192.78	0.0405	-0.798507696217772	0.002334267040149	-6.06005733857359	-4.55	-0.4095	0317	8
735	0.0245	8.9	0.49	0.7	9	0.09	3463	0.043399395248978	-0.036896832233778	0.81	311.67	0.0081	-0.210721031315653	0.002598902685533	-5.9526659670662	-8.91	-0.8019	0317	8
754	0.0218	9.186	0.483	0.7	25	0	1813	0.139689671740444	0.052371479606791	2.25	163.17	0	0.810930216216329	0.013789299503585	-4.28386238588665	-25	-2.25	0317	8
753	0.0241	9.256	0.481	0.5	3	0.09	3203	0.392748370725633	0.102561966744778	0.27	288.27	0.0081	-1.30933331998376	0.000936621916953	-6.97323086094105	-2.91	-0.2619	0317	8
752	0.0244	9.3	0.48	0.5	13	0.09	4013	0.117871670880002	0.010812445470298	1.17	361.17	0.0081	0.157003748809665	0.00323947171692	-5.73234501280538	-12.91	-1.1619	0809	10
748	0.0242	9.6	0.46	0.5	10	0.09	6466	0.286219810217562	0.174840580530429	0.9	581.94	0.0081	-0.105360515657826	0.001546551190844	-6.47172786529133	-9.91	-0.8919	0809	10
755	0.0262	9.6	0.46	0.5	10	0.18	1642	0.169384818595208	-0.002025215062241	0.9	147.78	0.0162	-0.105360515657826	0.006090133982948	-5.10108519701833	-9.82	-0.8838	0809	10
762	0.023	10.247	0.414	0.5	5	0.09	1497	0.167346332507623	0.116864889343853	0.45	134.73	0.0081	-0.798507696217772	0.003340013360053	-5.70178047198553	-4.91	-0.4419	0809	10
778	0.0241	10.3	0.41	0.5	11	0	489	0.129688949371231	0.09724940194383	0.99	44.01	0	-0.010050335853501	0.022494887525562	-3.7944672166765	-11	-0.99	0809	10
779	0.0237	10.3	0.41	0.5	4	0	3064	0.19085971582462	0.074058911000598	0.36	275.76	0	-1.02165124753198	0.001305483028721	-6.64118216974059	-4	-0.36	0809	10
781	0.0241	10.3	0.41	0.5	35	0	4527	0.245044904623598	0.121689508715436	3.15	407.43	0	1.14740245283754	0.007731389441131	-4.86246668594655	-35	-3.15	0809	10
772	0.0227	10.3	0.41	0.5	22	0.09	2117	0.201346299138633	0.100044758244653	1.98	190.53	0.0081	0.683096844706444	0.010392064241852	-4.56671281777655	-21.91	-1.9719	0809	10
906	0.0138	10.9	0.34	0.5	32	0	2862	-0.160673914358904	0.234694824106532	2.88	257.58	0	1.05779029414785	0.011180992313068	-4.49354005731667	-32	-2.88	0809	10
2006	0.0137	10.9	0.34	0.8	4	0	2553	0.126366035862603	0.148103732299404	0.36	229.77	0	-1.02165124753198	0.00156678417548	-6.45873005612159	-4	-0.36	0809	10
907	0.0138	10.9	0.34	0.5	25	0	1927	-0.094782831640222	0.1449688673907	2.25	173.43	0	0.810930216216329	0.012973533990659	-4.34484384354617	-25	-2.25	0809	10
909	0.0164	10.9	0.34	0.5	35	0	750	0.087813888891096	-0.047396735150863	3.15	67.5	0	1.14740245283754	0.046666666666667	-3.06472514504094	-35	-3.15	0809	10
910	0.0186	10.9	0.34	0.5	8	0	4447	0.039172353378405	0.071312099137979	0.72	400.23	0	-0.328504066972036	0.001798965594783	-6.32054344883086	-8	-0.72	0809	10
827	0.024	10.5	0.38	0.8	60	0	1760	0.181445951236757	0.115911385536804	5.4	158.4	0	1.68639895357023	0.034090909090909	-3.3787245258101	-60	-5.4	0809	10
821	0.0241	10.5	0.38	0.8	63	0	3598	0.140130555732386	0.009382637006733	5.67	323.82	0	1.73518911773966	0.017509727626459	-4.04499868811894	-63	-5.67	0809	10
822	0.0241	10.5	0.38	0.8	66	0	4938	0.179610602280167	0.070508167119586	5.94	444.42	0	1.78170913337455	0.013365735115431	-4.3150609278787	-66	-5.94	0809	10
820	0.0234	10.5	0.38	0.8	97	0	3896	0.095290419810152	0.184352552110264	8.73	350.64	0	2.16676536985151	0.024897330595483	-3.69299468625904	-97	-8.73	0809	10
804	0.0243	10.5	0.39	0.8	112	0	4414	0.194557215987903	0.124576963196667	10.08	397.26	0	2.31055326264322	0.025373810602628	-3.67403771552159	-112	-10.08	0809	10
810	0.0243	10.5	0.39	0.8	112	0	4077	0.185086150088202	0.110007525376552	10.08	366.93	0	2.31055326264322	0.027471179789061	-3.59461783152416	-112	-10.08	0809	10
805	0.0243	10.5	0.39	0.8	79	0	5634	0.142362419281262	-0.01378022571704	7.11	507.06	0	1.96150224381515	0.014022009229677	-4.2671270959693	-79	-7.11	0809	10
808	0.0194	10.416	0.396	0.8	8	0	581	0.240525695420258	0.014536308155754	0.72	52.29	0	-0.328504066972036	0.013769363166954	-4.28530921517208	-8	-0.72	0809	10
807	0.0194	10.416	0.396	0.8	2	0	1688	-0.012549782346948	-0.009339887640449	0.18	151.92	0	-1.71479842809193	0.001184834123223	-6.73815249459596	-2	-0.18	0809	10
806	0.0199	10.5	0.39	0.8	14	0	2324	0.082870265241191	0.042826697328066	1.26	209.16	0	0.231111720963387	0.006024096385542	-5.11198778835654	-14	-1.26	0809	10
814	0.0213	10.5	0.385	0.8	35	0	4215	0.149118425565134	0.04113254468807	3.15	379.35	0	1.14740245283754	0.008303677342823	-4.79105680894654	-35	-3.15	0809	10
816	0.0167	10.463	0.389	0.8	3	0	487	0.138615930433966	0.060172202546542	0.27	43.83	0	-1.30933331998376	0.006160164271047	-5.08965183441448	-3	-0.27	0809	10
815	0.0167	10.463	0.389	0.8	7	0	3357	0.010794424012927	0.060437962332911	0.63	302.13	0	-0.462035459596559	0.002085195114686	-6.17289284792472	-7	-0.63	0809	10
824	0.0206	10.5	0.38	0.8	18	0	1954	0.090897421490087	0.15832981251197	1.62	175.86	0	0.482426149244293	0.00921187308086	-4.68726207470656	-18	-1.62	0809	10
813	0.0213	10.5	0.385	0.8	17	0	2659	0.088496046560256	0.019532938190539	1.53	239.31	0	0.425267735404344	0.00639338097029	-5.0524920471868	-17	-1.53	0809	10
811	0.0242	10.5	0.39	0.8	17	0	4814	0.146879765834377	-0.172967619234509	1.53	433.26	0	0.425267735404344	0.003531366846697	-5.6460702742868	-17	-1.53	0809	10
812	0.0242	10.5	0.39	0.8	64	0	7233	0.154361977674982	-0.053275102270456	5.76	650.97	0	1.7509374747078	0.008848334024609	-4.72752608348961	-64	-5.76	0809	10
823	0.0232	10.5	0.38	0.8	20	0	2198	0.199740494199997	0.113418560374395	1.8	197.82	0	0.587786664902119	0.009099181073703	-4.69957086140958	-20	-1.8	0809	10
828	0.0236	10.583	0.372	0.8	95	0	2475	0.093955764577825	0.116889842468442	8.55	222.75	0	2.14593128294867	0.038383838383838	-3.26011878340225	-95	-8.55	0809	10
829	0.0238	10.6	0.37	0.8	110	0	3740	0.13240021103133	0.082949479472817	9.9	336.6	0	2.29253475714054	0.029411764705882	-3.52636052461616	-110	-9.9	0809	10
830	0.0242	10.6	0.37	0.8	99	0	2249	0.10325757911	0.11175585363591	8.91	202.41	0	2.18717424148272	0.044019564250778	-3.12312110182473	-99	-8.91	0809	10
832	0.0241	10.6	0.37	0.8	16	0	1869	0.240705263002089	0.083840176145235	1.44	168.21	0	0.364643113587909	0.008560727661851	-4.76057008521578	-16	-1.44	0809	10
834	0.0218	10.569	0.37	0.8	46	0	1404	0.156401829850229	0.101551626468702	4.14	126.36	0	1.42069578783722	0.032763532763533	-3.41843918809666	-46	-4.14	0809	10
833	0.0218	10.569	0.37	0.8	80	0	1693	0.22576990472045	0.068918435427421	7.2	152.37	0	1.97408102602201	0.047253396337862	-3.05223074745925	-80	-7.2	0809	10
831	0.0214	10.6	0.37	0.8	24	0	708	0.128981304438964	0.107955827918272	2.16	63.72	0	0.770108221696074	0.033898305084746	-3.38439026334577	-24	-2.16	0809	10
835	0.0025	10.5	0.37	0.8	26	0	295	0.257369946787311	0.132691188767477	2.34	26.55	0	0.85015092936961	0.088135593220339	-2.42887881831834	-26	-2.34	0809	10
836	0.0025	10.5	0.37	0.8	99	0.81	1061	0.170285969620965	0.087125182847844	8.91	95.49	0.0729	2.18717424148272	0.093308199811499	-2.37184728847939	-98.19	-8.8371	0809	10
1857	0.0067	10.1	0.41	0.7	35	0.36	3768	0.239750314784392	0.171974953685034	3.15	339.12	0.0324	1.14740245283754	0.009288747346072	-4.67895157420684	-34.64	-3.1176	0809	10
1856	0.0084	10.1	0.41	0.7	32	0	3456	0.089158973081287	-0.076298814122459	2.88	311.04	0	1.05779029414785	0.009259259259259	-4.68213122712422	-32	-2.88	0809	10
1852	0.011	10.1	0.41	0.7	23	6.12	4604	0.307734337819205	0.058480643434908	2.07	414.36	0.5508	0.727548607277278	0.004995655951347	-5.29918655391262	-16.88	-1.5192	0809	10
809	0.0151	10.1	0.42	0.8	1	0	3293	0.013234329307057	0.056867306606437	0.09	296.37	0	-2.40794560865187	0.000303674460978	-8.09955428237636	-1	-0.09	0809	10
798	0.0153	10.1	0.42	0.7	19	0	4494	0.13283749606471	0.01621367710277	1.71	404.46	0	0.536493370514568	0.004227859368046	-5.46605947357883	-19	-1.71	0809	10
1848	0.0112	10.1	0.411	0.7	21	2.16	6589	0.148892720612342	0.010832134369578	1.89	593.01	0.1944	0.636576829071551	0.00318713006526	-5.7486344331904	-18.84	-1.6956	0809	10
1851	0.008	10.1	0.41	0.7	3	0	1333	0.211392539492898	0.017187400166124	0.27	119.97	0	-1.30933331998376	0.00225056264066	-6.0965750315106	-3	-0.27	0809	10
1849	0.0112	10.1	0.411	0.7	2	0.72	3676	0.211845536684429	0.009607808870895	0.18	330.84	0.0648	-1.71479842809193	0.000544069640914	-7.51643330291563	-1.28	-0.1152	0809	10
1854	0.0092	10.1	0.41	0.7	72	0.9	4890	0.07628925993214	-0.128366447367633	6.48	440.1	0.081	1.86872051036418	0.014723926380368	-4.21828146345286	-71.1	-6.399	0809	10
1855	0.0067	10.1	0.41	0.7	73	3.15	1619	0.221004352704919	-0.002442305233956	6.57	145.71	0.2835	1.88251383249652	0.04508956145769	-3.09910451252924	-69.85	-6.2865	0809	10
800	0.0082	10.1	0.41	0.7	13	0	4969	0.185699009407058	0.130322530192432	1.17	447.21	0	0.157003748809665	0.002616220567519	-5.94602453414078	-13	-1.17	0809	10
1847	0.0112	10.1	0.411	0.7	22	0	3176	-0.013842813156123	0.026740349779207	1.98	285.84	0	0.683096844706444	0.006926952141058	-4.97233536900871	-22	-1.98	0809	10
794	0.0123	10.1	0.417	0.7	15	0	4501	0.041381083838551	-0.039019393896194	1.35	405.09	0	0.300104592450338	0.003332592757165	-5.70400467219072	-15	-1.35	0809	10
795	0.009	10.1	0.415	0.7	27	0	7428	0.121210299194588	0.040160569439623	2.43	668.52	0	0.887891257352457	0.003634894991922	-5.61717505646827	-27	-2.43	0809	10
783	0.0122	9.65	0.44	0.7	1	0	2636	0.069767441860465	0.03954802259887	0.09	237.24	0	-2.40794560865187	0.000379362670713	-7.8770178956224	-1	-0.09	0809	10
775	0.0128	9.7	0.45	0.7	8	0	3397	0.002381266695301	0.018931212586638	0.72	305.73	0	-0.328504066972036	0.00235501913453	-6.05120642648075	-8	-0.72	0809	10
1846	0.0122	10.1	0.41	0.7	38	0	5540	0.022317461934467	0.041830889833932	3.42	498.6	0	1.22964055107451	0.006859205776173	-4.98216362001494	-38	-3.42	0809	10
799	0.0122	10.1	0.42	0.7	40	0	6301	0.056888808580881	0.008475812935943	3.6	567.09	0	1.28093384546206	0.006348198698619	-5.05958417582812	-40	-3.6	0809	10
788	0.0256	10.2	0.42	0.5	1	0	1131	0.393034825870647	0.181434599156118	0.09	101.79	0	-2.40794560865187	0.000884173297966	-7.03085747611612	-1	-0.09	0809	10
787	0.0272	10.2	0.42	0.5	3	0.27	145	0.017741411506793	0.002900258425612	0.27	13.05	0.0243	-1.30933331998376	0.020689655172414	-3.87812145375247	-2.73	-0.2457	0809	10
789	0.0217	10.2	0.42	0.5	46	0	3356	0.181914818673237	0.102959468908862	4.14	302.04	0	1.42069578783722	0.013706793802145	-4.289863671098	-46	-4.14	0809	10
782	0.021	10.2	0.42	0.5	79	0	5515	0.147974379984701	0.045594956468269	7.11	496.35	0	1.96150224381515	0.014324569356301	-4.24577907922058	-79	-7.11	0809	10
773	0.0182	10.04	0.436	0.5	7	0	4828	0.137146127396474	0.018372578971913	0.63	434.52	0	-0.462035459596559	0.001449875724938	-6.53627743316211	-7	-0.63	0809	10
765	0.0157	10	0.44	0.5	88	0	3770	0.209734667668319	0.000361944028846	7.92	339.3	0	2.06939120582634	0.023342175066313	-3.75749346596385	-88	-7.92	0809	10
766	0.0142	10	0.44	0.5	13	0	4566	0.163610904710672	-0.001579623950134	1.17	410.94	0	0.157003748809665	0.002847130968025	-5.8614434696282	-13	-1.17	0809	10
767	0.0134	9.733	0.45	0.5	8	0	5737	0.111226152590592	0.034359685456581	0.72	516.33	0	-0.328504066972036	0.001394457033293	-6.57525016292203	-8	-0.72	0809	10
760	0.0138	9.5	0.46	0.7	3	0	2030	0.075921379554464	0.016301752573094	0.27	182.7	0	-1.30933331998376	0.001477832512315	-6.51717878336772	-3	-0.27	0809	10
774	0.014	9.7	0.45	0.7	8	0	1797	0.037008021319621	0.016776300484769	0.72	161.73	0	-0.328504066972036	0.004451864218141	-5.41443234510372	-8	-0.72	0809	10
768	0.0135	9.659	0.452	0.7	1	0	617	0.207100591715976	0.051546391752577	0.09	55.53	0	-2.40794560865187	0.00162074554295	-6.42486902390539	-1	-0.09	0809	10
769	0.0135	9.659	0.452	0.7	1	0	1747	0.03448275862069	0	0.09	157.23	0	-2.40794560865187	0.000572409845449	-7.46565531013406	-1	-0.09	0809	10
785	0.0107	9.6	0.43	0.7	10	0	2737	0.127236849723402	0.01383452565729	0.9	246.33	0	-0.105360515657826	0.00365363536719	-5.61203261604663	-10	-0.9	0809	10
791	0.0096	9.6	0.43	0.7	5	0	4908	-0.002123794388367	0.001004938658745	0.45	441.72	0	-0.798507696217772	0.001018744906275	-6.8891838933967	-5	-0.45	0809	10
784	0.0107	9.6	0.43	0.7	14	0	3133	0.131439688884786	0.01987514636835	1.26	281.97	0	0.231111720963387	0.004468560485158	-5.41068896133693	-14	-1.26	0809	10
797	0.0076	9.6	0.43	0.7	4	0	1409	0.03772818247509	0.012400419335659	0.36	126.81	0	-1.02165124753198	0.002838892831796	-5.86434115077879	-4	-0.36	0809	10
792	0.0081	9.6	0.43	0.7	4	0	2279	0.03772818247509	0.012400419335659	0.36	205.11	0	-1.02165124753198	0.001755155770075	-6.34519766812579	-4	-0.36	0809	10
790	0.0096	9.6	0.43	0.7	17	0	3357	0.004181469345055	-0.032053169621024	1.53	302.13	0	0.425267735404344	0.005064045278522	-5.28558965292382	-17	-1.53	0809	10
793	0.0081	9.6	0.43	0.7	1	0	2242	0.179039301310044	0	0.09	201.78	0	-2.40794560865187	0.000446030330062	-7.71512360363211	-1	-0.09	0809	10
1919	0.0073	9.52	0.432	0.7	15	0	2735	0.104204622854666	-0.023073509668435	1.35	246.15	0	0.300104592450338	0.005484460694698	-5.20583651375387	-15	-1.35	0809	10
1920	0.0063	9.2	0.44	0.7	16	0	1682	0.275001222319609	0.15841587220904	1.44	151.38	0	0.364643113587909	0.009512485136742	-4.65515011829311	-16	-1.44	0809	10
843	0.0025	10.1	0.38	0.8	33	0	556	-0.146717166525845	0.224413846138826	2.97	50.04	0	1.08856195281461	0.059352517985612	-2.8242607327841	-33	-2.97	0809	10
842	0.0025	10.1	0.38	0.8	4	0	300	0.201000033819965	0.288468692410194	0.36	27	0	-1.02165124753198	0.013333333333333	-4.31748811353631	-4	-0.36	0809	10
847	0.0025	10.1	0.38	0.8	47	0	663	0.151883960791521	0.240190722768713	4.23	59.67	0	1.44220199305819	0.070889894419306	-2.6466273884758	-47	-4.23	0809	10
848	0.0025	10.029	0.38	0.8	88	0	2170	0.051310595096614	0.379938690034379	7.92	195.3	0	2.06939120582634	0.040552995391705	-3.2051456320563	-88	-7.92	0809	10
845	0.0025	10.035	0.38	0.8	12	0	449	0.276313854556937	0.202110369824955	1.08	40.41	0	0.076961041136128	0.026726057906459	-3.62211623795425	-12	-1.08	0809	10
846	0.0025	10	0.38	0.9	102	0	2023	-0.032913461903059	0.187280655925043	9.18	182.07	0	2.2170272046324	0.050420168067227	-2.98736402388347	-102	-9.18	0809	10
849	0.0025	9.769	0.38	0.9	73	0	2056	-0.125755186634933	-0.059226511675035	6.57	185.04	0	1.88251383249652	0.035505836575875	-3.33805818542666	-73	-6.57	0809	10
844	0.0025	10.035	0.38	0.8	222	0	2747	-0.042714983465015	0.383949908245994	19.98	247.23	0	2.99473177322041	0.080815435020022	-2.51558730422299	-222	-19.98	0809	10
1035	0.0025	10.144	0.37	0.9	18	0	432	0.200029609964394	0.08487148174821	1.62	38.88	0	0.482426149244293	0.041666666666667	-3.17805383034795	-18	-1.62	0809	10
1034	0.0025	10.144	0.37	0.9	149	0	149	0.009650569135596	0.060671102196716	13.41	13.41	0	2.59600069729359	1	0	-149	-13.41	0809	10
1025	0.0025	10.157	0.37	0.9	23	0	106	-0.210306419769951	0.101637279884518	2.07	9.54	0	0.727548607277278	0.216981132075472	-1.52794487818292	-23	-2.07	0809	10
1026	0.0025	10.164	0.37	0.9	37	0	814	-0.208146867027686	0.106875782975486	3.33	73.26	0	1.20297230399235	0.045454545454545	-3.09104245335832	-37	-3.33	0809	10
1036	0.0025	10	0.37	0.9	14	0	4377	-0.004212699042728	0.05702730656695	1.26	393.93	0	0.231111720963387	0.003198537811286	-5.74506150757564	-14	-1.26	0809	10
878	0.0025	10	0.37	0.9	192	0.63	3129	0.101462154266156	0.162650801514895	17.28	281.61	0.0567	2.84954976337591	0.061361457334612	-2.7909733716411	-191.37	-17.2233	0809	10
869	0.0025	9.958	0.37	0.9	116	0	2545	-0.006126588886614	0.11833034067146	10.44	229.05	0	2.34564458245449	0.045579567779961	-3.08829573787826	-116	-10.44	0809	10
1027	0.0025	10.164	0.37	0.9	53	5.22	5031	-0.136985929448222	0.076238760559484	4.77	452.79	0.4698	1.56234630490025	0.01053468495329	-4.5530821369392	-47.78	-4.3002	0809	10
1007	0.0025	10.3	0.37	0.9	11	4.5	3141	0.06390869702932	0.114238222118008	0.99	282.69	0.405	-0.010050335853501	0.003502069404648	-5.65440122674028	-6.5	-0.585	0809	10
1006	0.0025	10.3	0.37	0.9	12	0	14	-0.000310582103127	0.184487211952169	1.08	1.26	0	0.076961041136128	0.857142857142857	-0.154150679827258	-12	-1.08	0809	10
863	0.0025	9.9	0.37	0.9	39	0.18	3885	0.024140948295413	0.167262456405055	3.51	349.65	0.0162	1.25561603747777	0.01003861003861	-4.6013166166721	-38.82	-3.4938	0809	10
870	0.0025	9.9	0.37	0.9	206	0	1192	0.056272716112752	0.172152790642641	18.54	107.28	0	2.91993056013771	0.172818791946309	-1.75551167883571	-206	-18.54	0809	10
871	0.0025	9.9	0.37	0.9	67	0	3601	0.074691086282801	0.106230807739475	6.03	324.09	0	1.79674701073909	0.018605942793668	-3.98427424425791	-67	-6.03	0809	10
872	0.0025	9.9	0.37	0.9	37	0	5948	0.330101116200465	0.054276117829308	3.33	535.32	0	1.20297230399235	0.006220578345662	-5.07989239493582	-37	-3.33	0809	10
882	0.0025	9.9	0.37	0.9	950	0	1453	0.172630637338286	-0.025217853998767	85.5	130.77	0	4.44851637594271	0.653819683413627	-0.424923678975696	-950	-85.5	0809	10
873	0.0025	9.757	0.37	0.9	1586	0	2742	0.178777928391788	-0.025297777897738	142.74	246.78	0	4.96102479354292	0.578409919766594	-0.547472457927466	-1586	-142.74	0809	10
858	0.0025	9.4	0.37	0.9	1266	0	1958	0.100542541284815	0.013622536936649	113.94	176.22	0	4.73567199405225	0.646578140960163	-0.436061220386334	-1266	-113.94	0809	10
864	0.0025	9.4	0.37	0.9	783	0	1410	0.094466449699309	0.025770802126625	70.47	126.9	0	4.25518708733893	0.55531914893617	-0.588212287381411	-783	-70.47	0809	10
854	0.0025	9.613	0.38	0.9	1699	0	2874	0.179628599771925	0.044196321892068	152.91	258.66	0	5.02984951302006	0.59116214335421	-0.525664944967038	-1699	-152.91	0809	10
853	0.0025	9.7	0.38	0.9	350	0	547	0.038394776150493	-0.034258258153663	31.5	49.23	0	3.44998754583159	0.639853747714808	-0.446515647938522	-350	-31.5	0809	10
852	0.0025	9.7	0.38	0.9	350	0	2805	0.171365617755184	-0.004933172400786	31.5	252.45	0	3.44998754583159	0.124777183600713	-2.08122566347334	-350	-31.5	0809	10
851	0.0025	9.7	0.38	0.9	54	0	2596	0.254191084259545	-0.02791989883516	4.86	233.64	0	1.5810384379124	0.020801232665639	-3.87274303125971	-54	-4.86	0809	10
862	0.0025	9.4	0.37	0.9	1435	0	2085	0.236700441655216	0.019442454738365	129.15	187.65	0	4.86097451954185	0.688249400479616	-0.37360400603918	-1435	-129.15	0809	10
857	0.0025	9.309	0.379	0.9	559	0.09	1839	0.117908585788483	-0.016081621718526	50.31	165.51	0.0081	3.91820386450323	0.303969548667754	-1.19082775144922	-558.91	-50.3019	0809	10
861	0.0025	9.4	0.37	0.9	179	0	743	0.165034424169982	0.034678111904163	16.11	66.87	0	2.77944019718888	0.240915208613728	-1.423310238877	-179	-16.11	0809	10
855	0.0025	9.315	0.379	0.9	182	0	713	0.184091966663417	0.051519151031412	16.38	64.17	0	2.79606107842492	0.255259467040673	-1.3654747333375	-182	-16.38	0809	10
860	0.0025	9.4	0.37	0.9	427	0	2401	0.192503453172759	0.035230775925493	38.43	216.09	0	3.64883840457675	0.177842565597668	-1.72685658299263	-427	-38.43	0809	10
867	0.0025	9.452	0.37	0.9	371	0	899	0.110785945906813	0.013944751464681	33.39	80.91	0	3.50825645395556	0.412680756395996	-0.885080971864185	-371	-33.39	0809	10
865	0.0025	9.452	0.37	0.9	106	0.18	3198	0.023327048416567	-0.022153633416944	9.54	287.82	0.0162	2.2554934854602	0.033145716072545	-3.40684179928183	-105.82	-9.5238	0809	10
868	0.0025	9.442	0.37	0.9	425	0	478	0.210517974754385	0.092558520461119	38.25	43.02	0	3.64414356027254	0.889121338912134	-0.117521563567039	-425	-38.25	0809	10
876	0.0025	9.5	0.37	0.9	474	0	629	0.138610986168494	0.078350422717118	42.66	56.61	0	3.7532617130432	0.753577106518283	-0.282923935005364	-474	-42.66	0809	10
875	0.0025	9.5	0.37	0.9	607	0.27	863	0.083385362255204	0.078550976766374	54.63	77.67	0.0243	4.00058318240763	0.703360370799537	-0.35188590002393	-606.73	-54.6057	0809	10
874	0.0025	9.5	0.37	0.9	6	0	6	0.064672276331344	0.117340814017121	0.54	0.54	0	-0.616186139423817	1	0	-6	-0.54	0809	10
881	0.0025	9.9	0.37	0.9	286	4.86	1085	-0.284937093745148	0.302655630221103	25.74	97.65	0.4374	3.24804620216798	0.263594470046083	-1.33334345515471	-281.14	-25.3026	0809	10
880	0.0025	9.9	0.37	0.9	364	0	1356	0.09203145736704	0.05585469169025	32.76	122.04	0	3.48920825898487	0.268436578171091	-1.3151406008636	-364	-32.76	0809	10
885	0.0025	9.9	0.37	0.9	59	0.09	2245	-0.122457726580521	0.038561659251816	5.31	202.05	0.0081	1.66959183525385	0.026280623608018	-3.63892335627063	-58.91	-5.3019	0809	10
879	0.0025	9.9	0.37	0.9	33	0	4796	-0.308757619202806	0.2180204066415	2.97	431.64	0	1.08856195281461	0.006880733944954	-4.97902995468092	-33	-2.97	0809	10
877	0.0025	10	0.37	0.9	135	0	3329	-0.00186807219132	0.184344492598807	12.15	299.61	0	2.49732916978656	0.040552718534094	-3.20515245913659	-135	-12.15	0809	10
883	0.0025	10.3	0.37	0.9	62	0	503	-0.041510568917391	-0.0628471964604	5.58	45.27	0	1.71918877639322	0.123260437375746	-2.09345578505465	-62	-5.58	0809	10
884	0.0025	10.027	0.37	0.9	129	0	1010	-0.044235572178977	0.018956945222912	11.61	90.9	0	2.4518667957098	0.127722772277228	-2.05789320547363	-129	-11.61	0809	10
1038	0.0025	10.038	0.37	0.9	202	0	4263	-0.22188332158268	0.26501443823843	18.18	383.67	0	2.90032208874933	0.047384471029791	-3.04946071936401	-202	-18.18	0809	10
1037	0.0025	10	0.37	0.9	96	0	3490	0.067165699730955	0.076709377960168	8.64	314.1	0	2.15640258281596	0.027507163323782	-3.59330882372864	-96	-8.64	0809	10
1040	0.0025	10.03	0.37	0.9	98	0.27	3330	0.136873889084974	0.10334740923347	8.82	299.7	0.0243	2.1770218700187	0.029429429429429	-3.52576010430392	-97.73	-8.7957	0809	10
888	0.0025	10.3	0.37	0.9	97	0	733	0.047875927047822	-0.04968772567966	8.73	65.97	0	2.16676536985151	0.132332878581173	-2.02243472338327	-97	-8.73	0809	10
887	0.0025	10.3	0.37	0.9	164	0	1146	0.042674556790654	0.009591843391223	14.76	103.14	0	2.69192081917233	0.143106457242583	-1.94416646945049	-164	-14.76	0809	10
1041	0.0025	10.3	0.37	0.9	216	0	2180	0.009039357048532	0.017115233885257	19.44	196.2	0	2.96733279903229	0.099082568807339	-2.31180174809897	-216	-19.44	0809	10
1039	0.0025	10.3	0.37	0.9	60	0	1655	-0.044874692324911	0.034063131058031	5.4	148.95	0	1.68639895357023	0.036253776435045	-3.31721172558906	-60	-5.4	0809	10
1022	0.0025	10.313	0.369	0.8	6	0	285	0.193145589902991	0.0326869981423	0.54	25.65	0	-0.616186139423817	0.021052631578947	-3.86072971104059	-6	-0.54	0809	10
989	0.0025	10.493	0.36	0.8	34	0	822	0.167360235165439	0.132622007337279	3.06	73.98	0	1.11841491596429	0.041362530413625	-3.18537987044002	-34	-3.06	0809	10
990	0.0025	10.493	0.36	0.8	14	0	3138	0.071511280802845	0.185236995919884	1.26	282.42	0	0.231111720963387	0.004461440407903	-5.41228360367772	-14	-1.26	0809	10
1004	0.0025	10.4	0.36	0.8	33	0	2385	0.139351378568842	0.057496374631586	2.97	214.65	0	1.08856195281461	0.013836477987421	-4.28044684185596	-33	-2.97	0809	10
1005	0.0025	10.4	0.36	0.8	67	0	148	-0.134652651943437	0.171260069439362	6.03	13.32	0	1.79674701073909	0.452702702702703	-0.792519654373149	-67	-6.03	0809	10
1021	0.0025	10.313	0.369	0.8	63	0	129	-0.039559227882861	0.197325455167729	5.67	11.61	0	1.73518911773966	0.488372093023256	-0.716677677970139	-63	-5.67	0809	10
1023	0.0025	10.3	0.37	0.8	3	0	276	0.128994187214774	-0.059935290558926	0.27	24.84	0	-1.30933331998376	0.010869565217391	-4.52178857704904	-3	-0.27	0809	10
838	0.0025	10.3	0.37	0.8	8	0.09	130	0.142767427408911	0.097888553241112	0.72	11.7	0.0081	-0.328504066972036	0.061538461538462	-2.78809290877575	-7.91	-0.7119	0809	10
837	0.0025	10.3	0.37	0.8	46	0.09	1752	0.106337132783723	0.030662390049916	4.14	157.68	0.0081	1.42069578783722	0.026255707762557	-3.63987187500724	-45.91	-4.1319	0809	10
840	0.0025	10.357	0.37	0.8	80	0.36	2966	0.096641498193227	0.149100878836149	7.2	266.94	0.0324	1.97408102602201	0.026972353337829	-3.612942888024	-79.64	-7.1676	0809	10
839	0.0025	10.5	0.37	0.8	34	0	1157	0.153574809873625	0.081967600522895	3.06	104.13	0	1.11841491596429	0.029386343993086	-3.52722520257751	-34	-3.06	0809	10
966	0.0025	10.5	0.36	0.8	70	0	4485	0.138566147792745	0.093591592486895	6.3	403.65	0	1.84054963339749	0.015607580824972	-4.15999853244354	-70	-6.3	0809	10
965	0.0025	10.5	0.36	0.8	96	0	1414	0.093696878990893	0.146935868186702	8.64	127.26	0	2.15640258281596	0.067892503536068	-2.68982965498868	-96	-8.64	0809	10
988	0.0025	10.5	0.36	0.8	72	0	855	0.128765640885177	0.137826972718187	6.48	76.95	0	1.86872051036418	0.084210526315789	-2.47443534992071	-72	-6.48	0809	10
987	0.0025	10.5	0.36	0.8	36	1.35	657	0.152385308668406	0.042886105064456	3.24	59.13	0.1215	1.17557332980424	0.054794520547945	-2.9041650800285	-34.65	-3.1185	0809	10
986	0.0025	10.64	0.353	0.8	142	0.81	743	0.166292436383949	0.013933911731817	12.78	66.87	0.0729	2.54788144894939	0.191117092866756	-1.6548689871165	-141.19	-12.7071	0809	10
985	0.0025	10.7	0.35	0.8	66	8.91	753	0.144627182474162	0.074980925205459	5.94	67.77	0.8019	1.78170913337455	0.087649402390438	-2.43441048577347	-57.09	-5.1381	0809	10
964	0.0025	10.7	0.35	0.8	80	8.37	343	-0.037361424265245	0.110841953586857	7.2	30.87	0.7533	1.97408102602201	0.233236151603499	-1.45570381249206	-71.63	-6.4467	0809	10
963	0.0025	10.7	0.35	0.8	126	0	451	0.10893684573303	0.0545132823767	11.34	40.59	0	2.42833629829961	0.279379157427938	-1.2751854325512	-126	-11.34	0809	10
944	0.0025	10.7	0.35	0.8	21	0	2150	0.095679280704878	0.096702644612559	1.89	193.5	0	0.636576829071551	0.009767441860465	-4.62870068339829	-21	-1.89	0809	10
942	0.0025	10.814	0.349	0.8	112	0.63	1870	0.116139710016426	0.010372961752207	10.08	168.3	0.0567	2.31055326264322	0.059893048128342	-2.81519483855354	-111.37	-10.0233	0809	10
943	0.0025	10.764	0.35	0.8	12	0	3415	0.101439398893716	-0.138715908768149	1.08	307.35	0	0.076961041136128	0.003513909224012	-5.65102612221689	-12	-1.08	0809	10
962	0.0025	10.7	0.35	0.8	72	0	316	0.199402472719993	0.031778152760239	6.48	28.44	0	1.86872051036418	0.227848101265823	-1.47907609457086	-72	-6.48	0809	10
921	0.0025	10.891	0.341	0.5	13	0	254	0.015626829590454	0.098709522240509	1.17	22.86	0	0.157003748809665	0.051181102362205	-2.972384909557	-13	-1.17	0809	10
941	0.0025	10.814	0.349	0.8	4	0	1194	0.117006800788596	-0.049326635078667	0.36	107.46	0	-1.02165124753198	0.003350083752094	-5.69876993283266	-4	-0.36	0809	10
1927	0.0296	10.875	0.343	0.8	117	0	818	-0.002772161377314	0.152118057729622	10.53	73.62	0	2.35422832614588	0.143031784841076	-1.94468840180499	-117	-10.53	0809	10
1925	0.0271	10.9	0.34	0.8	117	0	1315	-0.002571368311702	0.152265691029901	10.53	118.35	0	2.35422832614588	0.088973384030418	-2.41941800981411	-117	-10.53	0809	10
1926	0.0271	10.9	0.34	0.8	21	0	28	-0.078634967295123	0.127537354582617	1.89	2.52	0	0.636576829071551	0.75	-0.287682072451781	-21	-1.89	0809	10
915	0.0025	10.9	0.34	0.5	1	0.09	3743	0.138686131386861	0.075862068965517	0.09	336.87	0.0081	-2.40794560865187	0.000267165375367	-8.22764270790443	-0.91	-0.0819	0809	10
1924	0.0271	10.9	0.34	0.8	90	0	1354	-0.006033127015515	0.172657011436665	8.1	121.86	0	2.09186406167839	0.066469719350074	-2.71100878314195	-90	-8.1	0809	10
1928	0.0266	10.9	0.34	0.8	6	0.54	3835	0.119053891286497	0.079785250981207	0.54	345.15	0.0486	-0.616186139423817	0.001564537157757	-6.4601652445733	-5.46	-0.4914	0809	10
940	0.0025	10.9	0.34	0.8	142	0	1203	0.120451633715346	0.02654956361149	12.78	108.27	0	2.54788144894939	0.118038237738986	-2.13674665837342	-142	-12.78	0809	10
177	0.0433	2.6	0.81	0.4	37	12.33	3305	0.013341159669358	0.178725565762458	3.33	297.45	1.1097	1.20297230399235	0.011195158850227	-4.49227383964156	-24.67	-2.2203	0310	2
168	0.0573	2.4	0.79	0.4	16	0	5237	0.159266664240725	-0.083876754105222	1.44	471.33	0	0.364643113587909	0.003055184265801	-5.79091537203971	-16	-1.44	0310	2
202	0.07	2.7	0.6	0.4	2	5.31	879	-0.087971905179982	-0.086524822695035	0.18	79.11	0.4779	-1.71479842809193	0.002275312855518	-6.08563771712523	3.31	0.2979	0310	2
238	0.078	2.7	0.61	0.4	12	0	4132	0.450432786003752	0.132790784287149	1.08	371.88	0	0.076961041136128	0.002904162633107	-5.84161018045153	-12	-1.08	0310	2
239	0.081	2.7	0.61	0.4	15	0	5413	0.286408794565666	-0.044891283892181	1.35	487.17	0	0.300104592450338	0.002771106595234	-5.88850854569477	-15	-1.35	0310	2
229	0.0785	2.7	0.61	0.4	9	0	2058	0.33588009399463	0.064202221708444	0.81	185.22	0	-0.210721031315653	0.004373177842566	-5.43226533905778	-9	-0.81	0310	2
230	0.0781	2.7	0.61	0.4	14	0.54	2564	-0.011601753863435	-0.050948955429531	1.26	230.76	0.0486	0.231111720963387	0.005460218408736	-5.2102664884253	-13.46	-1.2114	0310	2
220	0.077	2.7	0.607	0.4	15	0.36	3367	0.402440175141989	0.004211557113654	1.35	303.03	0.0324	0.300104592450338	0.004455004455004	-5.41372721805886	-14.64	-1.3176	0310	2
219	0.0758	2.7	0.6	0.4	2	0.81	2927	-0.022864792503347	0.35375816993464	0.18	263.43	0.0729	-1.71479842809193	0.000683293474547	-7.28858610613194	-1.19	-0.1071	0310	2
210	0.0732	2.7	0.6	0.4	125	1.71	1520	0.358359357367064	-0.091565456071693	11.25	136.8	0.1539	2.42036812865043	0.082236842105263	-2.49815187653802	-123.29	-11.0961	0310	2
218	0.0795	2.7	0.61	0.4	1	0.18	2609	-0.192982456140351	0.179487179487179	0.09	234.81	0.0162	-2.40794560865187	0.000383288616328	-7.86672228513673	-0.82	-0.0738	0310	2
208	0.0631	2.7	0.61	0.4	1	0	1182	-0.068965517241379	0.317073170731707	0.09	106.38	0	-2.40794560865187	0.000846023688663	-7.07496319796604	-1	-0.09	0310	2
235	0.0344	2.7	0.61	0.4	4	0.09	97	-0.082829634387466	-0.017637106112112	0.36	8.73	0.0081	-1.02165124753198	0.041237113402062	-3.18841661738349	-3.91	-0.3519	0310	2
198	0.0356	2.7	0.61	0.4	1	0	4351	0.033898305084746	-0.039370078740157	0.09	391.59	0	-2.40794560865187	0.000229832222478	-8.37816098272068	-1	-0.09	0310	2
206	0.0435	2.7	0.61	0.4	17	0	4398	0.401494950303838	0.074821125365343	1.53	395.82	0	0.425267735404344	0.003865393360618	-5.55569182705849	-17	-1.53	0310	2
183	0.0275	2.7	0.64	0.4	8	0	416	0.043745025466337	0.224560265073053	0.72	37.44	0	-0.328504066972036	0.019230769230769	-3.95124371858143	-8	-0.72	0310	2
184	0.028	2.638	0.696	0.4	8	0	532	0.021831868597608	0.050704157653035	0.72	47.88	0	-0.328504066972036	0.015037593984962	-4.19720194766181	-8	-0.72	0310	2
179	0.0326	2.6	0.73	0.4	1	0	1509	-0.064516129032258	0.104761904761905	0.09	135.81	0	-2.40794560865187	0.000662690523526	-7.31920245876785	-1	-0.09	0310	2
180	0.0301	2.6	0.73	0.4	1	0.54	740	-0.307692307692308	0.263157894736842	0.09	66.6	0.0486	-2.40794560865187	0.001351351351351	-6.60665018619822	-0.46	-0.0414	0310	2
1968	0.0278	2.67	0.667	0.4	18	0.99	490	0.005059062033978	0.023435007603704	1.62	44.1	0.0891	0.482426149244293	0.036734693877551	-3.30403363320851	-17.01	-1.5309	0310	2
204	0.0272	2.7	0.64	0.4	6	0	759	-0.118599491388069	-0.086117989660404	0.54	68.31	0	-0.616186139423817	0.007905138339921	-4.84024230816757	-6	-0.54	0310	2
192	0.0275	2.7	0.64	0.4	16	0.9	81	-0.06670221119826	-0.060025866328449	1.44	7.29	0.081	0.364643113587909	0.197530864197531	-1.62186043243266	-15.1	-1.359	0310	2
194	0.0274	2.7	0.64	0.4	29	1.35	241	-0.038837928856797	-0.008681670699311	2.61	21.69	0.1215	0.959350221334602	0.120331950207469	-2.11750110350418	-27.65	-2.4885	0310	2
222	0.0276	2.7	0.61	0.4	2	0.09	76	-0.143518518518519	0.01010101010101	0.18	6.84	0.0081	-1.71479842809193	0.026315789473684	-3.63758615972639	-1.91	-0.1719	0310	2
214	0.0278	2.7	0.61	0.4	3	0	359	0.000894196377062	-0.000358191847554	0.27	32.31	0	-1.30933331998376	0.008356545961003	-4.78471009982017	-3	-0.27	0310	2
224	0.0296	2.7	0.61	0.4	1	0	307	-0.093167701863354	-0.081761006289308	0.09	27.63	0	-2.40794560865187	0.003257328990228	-5.7268477475872	-1	-0.09	0310	2
226	0.0325	2.7	0.61	0.4	1	0	116	-0.04	-0.180487804878049	0.09	10.44	0	-2.40794560865187	0.008620689655172	-4.75359019110636	-1	-0.09	0310	2
232	0.0319	2.7	0.61	0.4	4	0	272	0.041471803323805	-0.037090580238709	0.36	24.48	0	-1.02165124753198	0.014705882352941	-4.21950770517611	-4	-0.36	0310	2
252	0.0425	2.7	0.56	0.4	18	0	3785	-0.04385324155533	0.279110697150999	1.62	340.65	0	0.482426149244293	0.004755614266843	-5.34842940797538	-18	-1.62	0310	2
269	0.0465	2.7	0.548	0.4	1	0	913	-0.090909090909091	0.290322580645161	0.09	82.17	0	-2.40794560865187	0.001095290251917	-6.81673588059497	-1	-0.09	0310	2
270	0.0483	2.7	0.53	0.4	16	0	341	-0.053869252996872	0.07132940072988	1.44	30.69	0	0.364643113587909	0.04692082111437	-3.05929375504373	-16	-1.44	0310	2
265	0.0439	2.7	0.56	0.4	1	0	893	0.28	0.103448275862069	0.09	80.37	0	-2.40794560865187	0.001119820828667	-6.7945865808765	-1	-0.09	0310	2
264	0.0439	2.7	0.56	0.4	2	0	758	0.423780487804878	0.008670520231214	0.18	68.22	0	-1.71479842809193	0.002638522427441	-5.93753620508243	-2	-0.18	0310	2
236	0.036	2.7	0.61	0.4	4	0	679	-0.034134615384615	-0.247599453550064	0.36	61.11	0	-1.02165124753198	0.005891016200295	-5.1343267664388	-4	-0.36	0310	2
244	0.0733	2.7	0.61	0.4	103	0	2684	0.234331497791113	-0.069343796219605	9.27	241.56	0	2.22678337957776	0.038375558867362	-3.26033450986194	-103	-9.27	0310	2
246	0.062	2.7	0.56	0.4	39	0.18	3346	-0.049544768722041	0.075526780205952	3.51	301.14	0.0162	1.25561603747777	0.011655708308428	-4.45195923541712	-38.82	-3.4938	0310	2
272	0.0475	2.7	0.53	0.4	1	0	249	0.384615384615385	0.090909090909091	0.09	22.41	0	-2.40794560865187	0.004016064257028	-5.51745289646471	-1	-0.09	0310	2
274	0.0455	2.7	0.53	0.4	2	0	965	-0.028321272223711	-0.198794240111034	0.18	86.85	0	-1.71479842809193	0.002072538860104	-6.17898092077904	-2	-0.18	0310	2
276	0.0456	2.65	0.5	0.4	1	0	407	0.108571428571429	-0.227091633466135	0.09	36.63	0	-2.40794560865187	0.002457002457002	-6.00881318544259	-1	-0.09	0310	2
280	0.0404	2.6	0.47	0.3	5	0.09	998	0.104426667682482	0.118197430853529	0.45	89.82	0.0081	-0.798507696217772	0.00501002004008	-5.29631536387736	-4.91	-0.4419	0310	2
291	0.0279	2.6	0.5	0.3	7	0.81	2243	0.223904439142846	0.090796572794735	0.63	201.87	0.0729	-0.462035459596559	0.003120820329915	-5.7696593854649	-6.19	-0.5571	0310	2
287	0.0279	2.6	0.5	0.3	7	0.81	3193	0.223904439142846	0.090796572794735	0.63	287.37	0.0729	-0.462035459596559	0.002192295646727	-6.12280604365947	-6.19	-0.5571	0310	2
293	0.0274	2.6	0.5	0.3	18	0	1837	0.107462482100117	0.114777083385338	1.62	165.33	0	0.482426149244293	0.009798584648884	-4.62551732731896	-18	-1.62	0310	2
292	0.0274	2.6	0.5	0.3	4	0	1075	0.211914668573637	0.076952321979057	0.36	96.75	0	-1.02165124753198	0.003720930232558	-5.59378157944187	-4	-0.36	0310	2
286	0.0279	2.6	0.5	0.3	6	0.18	5006	0.227878735191056	0.126883814910399	0.54	450.54	0.0162	-0.616186139423817	0.001198561725929	-6.72663300276366	-5.82	-0.5238	0310	2
284	0.0354	2.6	0.46	0.3	29	1.89	943	0.081952692058206	0.094628048693051	2.61	84.87	0.1701	0.959350221334602	0.030752916224814	-3.48177045264698	-27.11	-2.4399	0310	2
285	0.0337	2.6	0.46	0.3	9	0.54	1241	0.020162127182598	0.138662461850903	0.81	111.69	0.0486	-0.210721031315653	0.007252215954875	-4.92644820786839	-8.46	-0.7614	0310	2
283	0.037	2.6	0.46	0.3	1	2.7	74	-0.07808564231738	-0.164383561643836	0.09	6.66	0.243	-2.40794560865187	0.013513513513514	-4.30406509320417	1.7	0.153	0310	2
302	0.03	2.6	0.49	0.3	2	0	1155	0.263767240511427	0.208745720510426	0.18	103.95	0	-1.71479842809193	0.001731601731602	-6.35870844239595	-2	-0.18	0310	2
303	0.0297	2.6	0.49	0.3	11	0.18	1564	0.080019121731185	-0.125371624922149	0.99	140.76	0.0162	-0.010050335853501	0.007033248081841	-4.95710664830689	-10.82	-0.9738	0310	2
304	0.0297	2.6	0.49	0.3	1	0.36	1637	0.01010101010101	0.06951871657754	0.09	147.33	0.0324	-2.40794560865187	0.000610873549175	-7.40062057737113	-0.64	-0.0576	0310	2
316	0.0299	2.6	0.52	0.4	1	1.17	1089	0.084745762711864	0	0.09	98.01	0.1053	-2.40794560865187	0.000918273645546	-6.99301512293296	0.17	0.0153	0310	2
315	0.0302	2.6	0.52	0.4	2	0.18	1116	0.07536231884058	0.16532721010333	0.18	100.44	0.0162	-1.71479842809193	0.001792114695341	-6.32435896238131	-1.82	-0.1638	0310	2
100	0.0223	2.5	0.53	0.4	40	0.99	5532	0.025616778814644	0.205811357346616	3.6	497.88	0.0891	1.28093384546206	0.007230657989877	-4.92942523867071	-39.01	-3.5109	0309	1
101	0.0244	2.5	0.53	0.4	6	0	3486	-0.019018301735764	-0.008763330318833	0.54	313.74	0	-0.616186139423817	0.001721170395869	-6.36475075685191	-6	-0.54	0309	1
119	0.0179	2.5	0.53	0.4	123	0	4399	0.132345086585923	0.253165547419108	11.07	395.91	0	2.40423874672055	0.027960900204592	-3.5769481659763	-123	-11.07	0309	1
110	0.0241	2.5	0.53	0.9	2	0	2611	-0.361339442123703	0.164165733482643	0.18	234.99	0	-1.71479842809193	0.000765990042129	-7.17434138813918	-2	-0.18	0309	1
96	0.0253	2.5	0.54	0.9	6	0	2104	0.006239626820608	0.175870236940015	0.54	189.36	0	-0.616186139423817	0.002851711026616	-5.85983610462955	-6	-0.54	0309	1
95	0.0253	2.5	0.54	0.9	1	0	1076	0.204545454545455	0.261904761904762	0.09	96.84	0	-2.40794560865187	0.00092936802974	-6.98100574072173	-1	-0.09	0309	1
53	0.0336	2.5	0.627	0.4	99	0	5389	-0.264015318951165	0.257770796052131	8.91	485.01	0	2.18717424148272	0.01837075524216	-3.99699526779891	-99	-8.91	0309	1
54	0.0336	2.5	0.627	0.4	47	0.81	4380	-0.106367468767939	0.304181035386665	4.23	394.2	0.0729	1.44220199305819	0.010730593607306	-4.53465640166043	-46.19	-4.1571	0309	1
56	0.0317	2.5	0.62	0.4	64	0.9	3787	-0.122944727788895	0.29603653392395	5.76	340.83	0.081	1.7509374747078	0.016899920781621	-4.08044634454212	-63.1	-5.679	0309	1
59	0.0287	2.5	0.596	0.4	24	0	4349	-0.150908012618903	-0.038350507346349	2.16	391.41	0	0.770108221696074	0.005518510002299	-5.19964738224969	-24	-2.16	0309	1
58	0.0279	2.5	0.6	0.4	18	0	4409	-0.201699905588321	0.077174967835529	1.62	396.81	0	0.482426149244293	0.004082558403266	-5.50103142746177	-18	-1.62	0309	1
57	0.0254	2.5	0.608	0.4	27	0	6389	-0.183435536313339	0.114731718032203	2.43	575.01	0	0.887891257352457	0.004226013460635	-5.46649617459802	-27	-2.43	0309	1
60	0.0272	2.5	0.59	0.4	35	0.09	5330	-0.107041704239792	0.172154436968281	3.15	479.7	0.0081	1.14740245283754	0.00656660412758	-5.02575845567048	-34.91	-3.1419	0309	1
63	0.0243	2.5	0.586	0.4	5	1.8	5474	-0.025496149614961	0.172279392561738	0.45	492.66	0.162	-0.798507696217772	0.000913408841798	-6.99832697716652	-3.2	-0.288	0309	1
62	0.0248	2.5	0.58	0.4	323	0.09	5315	0.021278621456063	0.256117323765123	29.07	478.35	0.0081	3.36970671457079	0.060771401693321	-2.80063596755339	-322.91	-29.0619	0309	1
65	0.024	2.5	0.575	0.4	27	1.8	2998	-0.158013835701344	0.043953480752061	2.43	269.82	0.162	0.887891257352457	0.009006004002668	-4.70986381265821	-25.2	-2.268	0309	1
30	0.0221	2.5	0.796	0.4	1	0	2435	-0.019354838709677	-0.061728395061728	0.09	219.15	0	-2.40794560865187	0.00041067761807	-7.79770203551669	-1	-0.09	0309	1
29	0.0246	2.5	0.82	0.4	1	0	1667	-0.019354838709677	-0.061728395061728	0.09	150.03	0	-2.40794560865187	0.000599880023995	-7.41878088275079	-1	-0.09	0309	1
1958	0.0233	2.5	0.78	0.4	5	0.09	2770	0.303745428883044	0.109504034065537	0.45	249.3	0.0081	-0.798507696217772	0.001805054151625	-6.31716468674728	-4.91	-0.4419	0309	1
1959	0.0233	2.5	0.78	0.4	5	0.09	1584	0.303745428883044	0.109504034065537	0.45	142.56	0.0081	-0.798507696217772	0.003156565656566	-5.75827065994027	-4.91	-0.4419	0309	1
1957	0.025	2.5	0.78	0.4	1	0	2158	0.522935779816514	0.257575757575758	0.09	194.22	0	-2.40794560865187	0.000463392029657	-7.67693714581808	-1	-0.09	0309	1
1963	0.0239	2.5	0.78	0.4	3	0.09	2920	0.309034843757066	0.238788327295659	0.27	262.8	0.0081	-1.30933331998376	0.001027397260274	-6.88072660659422	-2.91	-0.2619	0309	1
37	0.0242	2.5	0.78	0.4	14	0	454	0.07690910737597	-0.008420265717022	1.26	40.86	0	0.231111720963387	0.030837004405286	-3.47903986842609	-14	-1.26	0309	1
39	0.0241	2.5	0.78	0.4	9	0	3112	0.114117979261468	-0.034267389148973	0.81	280.08	0	-0.210721031315653	0.002892030848329	-5.84579630796206	-9	-0.81	0309	1
17	0.0221	2.5	0.78	0.4	36	0	4855	0.399311672899272	0.044421459676064	3.24	436.95	0	1.17557332980424	0.007415036045314	-4.90424544226931	-36	-3.24	0309	1
22	0.0259	2.5	0.78	0.4	6	0.36	3634	0.162403516682448	0.03099496000645	0.54	327.06	0.0324	-0.616186139423817	0.001651073197578	-6.40632977972806	-5.64	-0.5076	0309	1
24	0.0222	2.5	0.78	0.4	4	0.63	3785	-0.141914857639349	0.033547428242196	0.36	340.65	0.0567	-1.02165124753198	0.00105680317041	-6.85250680475166	-3.37	-0.3033	0309	1
333	0.0192	2.5	0.57	0.4	1	0.36	3091	0.505376344086022	0.359223300970874	0.09	278.19	0.0324	-2.40794560865187	0.000323519896474	-8.03624994213212	-0.64	-0.0576	0310	2
8	0.0226	2.5	0.62	0.4	14	0	2123	0.099662651518052	0.01801782915939	1.26	191.07	0	0.231111720963387	0.006594441827602	-5.021528132088	-14	-1.26	0309	1
11	0.0238	2.5	0.62	0.4	2	1.08	2449	-0.090909090909091	0.022727272727273	0.18	220.41	0.0972	-1.71479842809193	0.000816659861168	-7.11028787639222	-0.92	-0.0828	0309	1
1889	0.0257	2.5	0.625	0.4	2	0.54	179	-0.090909090909091	0.022727272727273	0.18	16.11	0.0486	-1.71479842809193	0.011173184357542	-4.49423862528081	-1.46	-0.1314	0309	1
9	0.0189	2.5	0.633	0.4	2	0	2444	0.500682720953327	0.05126088602802	0.18	219.96	0	-1.71479842809193	0.000818330605565	-7.10824413973154	-2	-0.18	0309	1
334	0.0182	2.5	0.64	0.4	13	0	168	0.165208481238937	-0.024041928146679	1.17	15.12	0	0.157003748809665	0.077380952380952	-2.55901462194172	-13	-1.17	0309	1
332	0.016	2.5	0.64	0.4	31	0	1434	0.097168291985904	0.136944778303939	2.79	129.06	0	1.02604159583327	0.021617852161785	-3.83423581667442	-31	-2.79	0309	1
328	0.0154	2.5	0.64	0.4	3	0.09	1127	-0.183366402116402	0.084362699751501	0.27	101.43	0.0081	-1.30933331998376	0.002661934338953	-5.92870222537167	-2.91	-0.2619	0309	1
324	0.0173	2.5	0.57	0.4	19	0	2575	0.023280217352692	-0.120256111394227	1.71	231.75	0	0.536493370514568	0.007378640776699	-4.9091658339314	-19	-1.71	0310	2
323	0.0182	2.5	0.539	0.4	66	0	2214	0.029987831922986	-0.055105373955295	5.94	199.26	0	1.78170913337455	0.029810298102981	-3.51290137124216	-66	-5.94	0310	2
312	0.0234	2.5	0.53	0.3	2	0	4556	-0.117567567567568	0.307692307692308	0.18	410.04	0	-1.71479842809193	0.000438981562774	-7.73105314400713	-2	-0.18	0310	2
306	0.0252	2.565	0.51	0.3	43	0	6211	0.102334876823211	0.173682762165258	3.87	558.99	0	1.35325450704169	0.006923200772822	-4.97287707686574	-43	-3.87	0310	2
305	0.0264	2.6	0.5	0.3	81	0	3633	0.23299584635376	0.009204192351204	7.29	326.97	0	1.98650354602057	0.022295623451693	-3.80336487754876	-81	-7.29	0310	2
313	0.0215	2.5	0.53	0.3	55	0	2636	-0.120591083524128	0.301305477693962	4.95	237.24	0	1.5993875765806	0.020864946889226	-3.86968471038993	-55	-4.95	0310	2
3	0.0139	2.5	0.64	0.4	2	0	3204	0.159663865546218	0.117552783778134	0.18	288.36	0	-1.71479842809193	0.000624219725343	-7.3790081276283	-2	-0.18	0309	1
1	0.0149	2.5	0.64	0.4	2	0	911	-0.013637581016659	-0.128604874785735	0.18	81.99	0	-1.71479842809193	0.002195389681668	-6.12139571670001	-2	-0.18	0309	1
299	0.0257	2.5	0.53	0.3	11	0	4103	0.10398730505791	0.207326728776559	0.99	369.27	0	-0.010050335853501	0.002680965147453	-5.92157841964382	-11	-0.99	0310	2
298	0.0241	2.5	0.53	0.3	53	0	1812	0.007244861755768	-0.032581358753442	4.77	163.08	0	1.56234630490025	0.02924944812362	-3.5318945730508	-53	-4.77	0310	2
297	0.0241	2.5	0.53	0.3	191	0	3034	-0.001839608067341	0.21175078902713	17.19	273.06	0	2.84432781939476	0.062953197099539	-2.76536373186185	-191	-17.19	0310	2
296	0.0232	2.5	0.53	0.3	1	0	759	0.211538461538462	0.058823529411765	0.09	68.31	0	-2.40794560865187	0.001317523056653	-6.63200177739563	-1	-0.09	0310	2
295	0.0233	2.5	0.53	0.3	10	0.27	1902	0.178711718803538	-0.087655567143593	0.9	171.18	0.0243	-0.105360515657826	0.005257623554154	-5.24807615011129	-9.73	-0.8757	0310	2
128	0.0263	1.8	0.94	0.4	7	0	5617	0.012141040882372	0.133007599823774	0.63	505.53	0	-0.462035459596559	0.00124621684173	-6.68764284347712	-7	-0.63	0311	3
129	0.0263	1.8	0.94	0.4	17	0	4920	0.007840438978633	0.10244273391418	1.53	442.8	0	0.425267735404344	0.003455284552846	-5.66785046543014	-17	-1.53	0311	3
461	0.0229	2.4	0.8	0.4	217	0	5923	0.198360538893224	-0.103435975373742	19.53	533.07	0	2.97195174488859	0.036636839439473	-3.30670100273651	-217	-19.53	0312	4
460	0.0229	2.4	0.8	0.4	54	0	6810	0.158289180626945	-0.068413918081017	4.86	612.9	0	1.5810384379124	0.007929515418502	-4.83716335257928	-54	-4.86	0312	4
472	0.0229	2.4	0.8	0.4	9	0	7278	0.24822882285644	-0.066575963173981	0.81	655.02	0	-0.210721031315653	0.00123660346249	-6.69538680083589	-9	-0.81	0312	4
477	0.0186	2.4	0.876	0.4	1	0	4751	0.108433734939759	-0.148148148148148	0.09	427.59	0	-2.40794560865187	0.000210482003789	-8.46611040118692	-1	-0.09	0312	4
476	0.0186	2.4	0.876	0.4	1	0	794	0.108433734939759	-0.148148148148148	0.09	71.46	0	-2.40794560865187	0.001259445843829	-6.67708346124714	-1	-0.09	0312	4
473	0.0201	2.4	0.8	0.4	1	0	1703	-0.083798882681564	0.188405797101449	0.09	153.27	0	-2.40794560865187	0.000587199060482	-7.44014668066269	-1	-0.09	0312	4
474	0.0201	2.4	0.8	0.4	4	0	1452	0.019216212496559	-0.031806294624015	0.36	130.68	0	-1.02165124753198	0.002754820936639	-5.89440283426485	-4	-0.36	0312	4
