param	mean	sd	2.5%	50%	97.5%	Rhat
logWET.p[1]	0.63	1.85	-2.94	0.59	4.45	1
logWET.p[2]	0.64	1.86	-2.94	0.6	4.46	1
logWET.p[3]	0.62	1.84	-2.95	0.59	4.38	1
logWET.p[4]	0.51	1.85	-3.08	0.48	4.29	1
logWET.p[5]	0.79	1.89	-2.93	0.78	4.59	1
logWET.p[6]	0.62	1.85	-2.96	0.58	4.41	1
logWET.p[7]	0.65	1.85	-2.91	0.62	4.43	1
logWET.p[8]	0.65	1.85	-2.93	0.62	4.46	1
logWET.p[9]	0.64	1.86	-2.94	0.61	4.47	1
logWET.p[10]	0.65	1.85	-2.93	0.61	4.47	1
logWET.p[11]	0.64	1.85	-2.96	0.62	4.43	1
logWET.p[12]	0.67	1.85	-2.9	0.64	4.49	1
logWET.p[13]	0.67	1.86	-2.91	0.64	4.48	1
logWET.p[14]	0.67	1.86	-2.92	0.63	4.52	1
logWET.p[15]	0.67	1.86	-2.9	0.64	4.49	1
logWET.p[16]	1.32	1.86	-2.25	1.27	5.18	1
logWET.p[17]	1.25	1.86	-2.32	1.19	5.09	1
logWET.p[18]	1.23	1.85	-2.31	1.18	5.08	1
logWET.p[19]	1.48	1.85	-2.11	1.46	5.23	1
logWET.p[20]	1.49	1.85	-2.11	1.46	5.23	1
logWET.p[21]	1.53	1.84	-2.03	1.5	5.28	1
logWET.p[22]	1.53	1.85	-2.07	1.5	5.32	1
logWET.p[23]	1.51	1.84	-2.08	1.49	5.23	1
logWET.p[24]	1.53	1.85	-2.08	1.5	5.3	1
logWET.p[25]	0.96	1.85	-2.64	0.93	4.72	1
logWET.p[26]	0.97	1.85	-2.65	0.95	4.73	1
logWET.p[27]	1.53	1.85	-2.05	1.51	5.32	1
logWET.p[28]	0.97	1.84	-2.65	0.94	4.7	1
logWET.p[29]	0.95	1.85	-2.64	0.92	4.7	1
logWET.p[30]	0.98	1.84	-2.64	0.95	4.71	1
logWET.p[31]	0.96	1.85	-2.67	0.93	4.68	1
logWET.p[32]	1.54	1.84	-2.03	1.51	5.31	1
logWET.p[33]	0.96	1.85	-2.64	0.94	4.77	1
logWET.p[34]	0.96	1.84	-2.62	0.94	4.7	1
logWET.p[35]	0.97	1.85	-2.62	0.95	4.71	1
logWET.p[36]	1.49	1.85	-2.08	1.46	5.27	1
logWET.p[37]	0.95	1.86	-2.67	0.92	4.74	1
logWET.p[38]	0.97	1.85	-2.65	0.96	4.74	1
logWET.p[39]	0.89	1.85	-2.76	0.88	4.62	1
logWET.p[40]	0.92	1.85	-2.68	0.9	4.67	1
logWET.p[41]	0.92	1.84	-2.7	0.9	4.66	1
logWET.p[42]	0.92	1.84	-2.73	0.91	4.64	1
logWET.p[43]	0.92	1.84	-2.69	0.91	4.66	1
logWET.p[44]	1.49	1.85	-2.09	1.46	5.25	1
logWET.p[45]	0.93	1.85	-2.7	0.9	4.64	1
logWET.p[46]	0.92	1.84	-2.7	0.91	4.63	1
logWET.p[47]	0.93	1.85	-2.71	0.91	4.67	1
logWET.p[48]	1.44	1.91	-2.25	1.4	5.36	1
logWET.p[49]	1.43	1.91	-2.27	1.4	5.34	1
logWET.p[50]	0.41	1.84	-3.29	0.43	4.05	1
logWET.p[51]	0.4	1.83	-3.27	0.42	4.03	1
logWET.p[52]	0.37	1.84	-3.32	0.38	3.97	1
logWET.p[53]	0.75	1.83	-2.9	0.75	4.38	1
logWET.p[54]	0.62	1.84	-3.01	0.61	4.3	1
logWET.p[55]	0.83	1.83	-2.81	0.82	4.47	1
logWET.p[56]	0.84	1.83	-2.76	0.83	4.48	1
logWET.p[57]	0.86	1.84	-2.77	0.85	4.55	1
logWET.p[58]	0.89	1.83	-2.71	0.87	4.59	1
logWET.p[59]	0.86	1.84	-2.77	0.85	4.55	1
logWET.p[60]	0.89	1.84	-2.73	0.88	4.6	1
logWET.p[61]	0.92	1.83	-2.66	0.9	4.63	1
logWET.p[62]	0.9	1.84	-2.72	0.88	4.61	1
logWET.p[63]	1.09	1.84	-2.52	1.05	4.89	1
logWET.p[64]	1.08	1.85	-2.52	1.05	4.87	1
logWET.p[65]	1.09	1.85	-2.49	1.06	4.83	1
logWET.p[66]	1.09	1.85	-2.5	1.06	4.86	1
logWET.p[67]	1.09	1.84	-2.47	1.05	4.86	1
logWET.p[68]	1.03	1.84	-2.56	1	4.77	1
logWET.p[69]	1	1.83	-2.54	0.98	4.72	1
logWET.p[70]	1	1.84	-2.57	0.98	4.76	1
logWET.p[71]	0.99	1.84	-2.6	0.98	4.73	1
logWET.p[72]	0.94	1.84	-2.66	0.92	4.64	1
logWET.p[73]	0.94	1.84	-2.67	0.92	4.64	1
logWET.p[74]	1.05	1.98	-2.78	1	5.12	1
logWET.p[75]	0.91	2	-2.92	0.86	4.97	1
logWET.p[76]	0.81	1.98	-3.04	0.77	4.88	1
logWET.p[77]	0.9	1.98	-2.9	0.84	4.96	1
logWET.p[78]	0.82	1.97	-3.02	0.79	4.85	1
logWET.p[79]	0.81	1.99	-3.03	0.77	4.9	1
logWET.p[80]	0.83	1.98	-3	0.8	4.88	1
logWET.p[81]	-0.21	2.07	-4.28	-0.22	3.97	1
logWET.p[82]	0.62	1.99	-3.22	0.57	4.7	1
logWET.p[83]	2.63	2.04	-1.33	2.58	6.81	1
logWET.p[84]	0.6	1.98	-3.27	0.58	4.64	1
logWET.p[85]	0.61	1.98	-3.27	0.6	4.6	1
logWET.p[86]	0.62	1.97	-3.28	0.61	4.6	1
logWET.p[87]	0.86	1.97	-2.98	0.83	4.88	1
logWET.p[88]	2.24	2.11	-1.86	2.2	6.55	1
logWET.p[89]	1.12	2.11	-3.08	1.13	5.27	1
logWET.p[90]	0.53	1.99	-3.45	0.55	4.44	1
logWET.p[91]	0.53	1.98	-3.43	0.54	4.45	1
logWET.p[92]	1.06	1.99	-2.82	1.02	5.16	1
logWET.p[93]	0.2	1.99	-3.88	0.23	4.08	1
logWET.p[94]	0.2	1.99	-3.9	0.23	4.09	1
logWET.p[95]	1.07	1.99	-2.75	1.01	5.16	1
logWET.p[96]	1.05	1.98	-2.77	1.02	5.1	1
logWET.p[97]	1.05	1.99	-2.79	1	5.13	1
logWET.p[98]	1.06	1.98	-2.77	1.02	5.12	1
logWET.p[99]	1.08	1.99	-2.77	1.03	5.17	1
logWET.p[100]	1.06	2	-2.78	1.01	5.15	1
logWET.p[101]	1.07	2	-2.78	1.02	5.21	1
logWET.p[102]	1.07	1.99	-2.78	1.02	5.14	1
logWET.p[103]	1.07	1.99	-2.76	1.03	5.13	1
logWET.p[104]	1.13	1.99	-2.66	1.08	5.26	1
logWET.p[105]	1.08	1.99	-2.71	1.02	5.18	1
logWET.p[106]	1.07	1.99	-2.73	1.02	5.16	1
logWET.p[107]	1.08	2	-2.74	1.03	5.23	1
logWET.p[108]	1.08	2	-2.75	1.03	5.24	1
logWET.p[109]	1.07	2	-2.75	1.01	5.2	1
logWET.p[110]	1.09	2	-2.73	1.05	5.22	1
logWET.p[111]	0.52	1.84	-3.15	0.51	4.18	1
logWET.p[112]	0.56	1.83	-3.04	0.54	4.24	1
logWET.p[113]	0.57	1.83	-3.03	0.55	4.27	1
logWET.p[114]	1.26	2	-2.57	1.2	5.41	1
logWET.p[115]	0.25	1.99	-3.73	0.26	4.18	1
logWET.p[116]	0.2	1.99	-3.84	0.22	4.13	1
logWET.p[117]	0.3	1.98	-3.64	0.31	4.21	1
logWET.p[118]	0.5	2.03	-3.5	0.5	4.54	1
logWET.p[119]	0.22	1.99	-3.78	0.22	4.21	1
logWET.p[120]	1.43	2	-2.55	1.41	5.46	1
logWET.p[121]	1.46	1.99	-2.46	1.44	5.48	1
logWET.p[122]	1.42	1.98	-2.5	1.41	5.36	1
logWET.p[123]	1.43	1.99	-2.55	1.44	5.38	1
logWET.p[124]	1.42	1.98	-2.55	1.42	5.36	1
logWET.p[125]	0.22	1.98	-3.73	0.22	4.16	1
logWET.p[126]	0.5	2.01	-3.49	0.5	4.51	1
logWET.p[127]	0.3	1.98	-3.69	0.31	4.2	1
logWET.p[128]	0.32	1.98	-3.62	0.32	4.23	1
logWET.p[129]	0.3	1.97	-3.63	0.31	4.2	1
logWET.p[130]	0.31	1.98	-3.66	0.33	4.21	1
logWET.p[131]	0.3	1.98	-3.67	0.32	4.21	1
logWET.p[132]	-0.33	1.86	-4.03	-0.33	3.37	1
logWET.p[133]	-0.12	1.84	-3.78	-0.12	3.54	1
logWET.p[134]	-0.13	1.86	-3.83	-0.13	3.56	1
logWET.p[135]	0.27	1.84	-3.34	0.23	4.03	1
logWET.p[136]	0.58	1.89	-3.08	0.56	4.39	1
logWET.p[137]	0.3	1.85	-3.26	0.27	4.07	1
logWET.p[138]	0.3	1.85	-3.32	0.27	4.07	1
logWET.p[139]	0.3	1.86	-3.29	0.27	4.06	1
logWET.p[140]	0.96	1.84	-2.64	0.94	4.69	1
logWET.p[141]	1.53	1.84	-2.06	1.5	5.32	1
logWET.p[142]	0.97	1.85	-2.67	0.94	4.72	1
logWET.p[143]	0.96	1.84	-2.64	0.95	4.72	1
logWET.p[144]	0.96	1.84	-2.68	0.94	4.72	1
logWET.p[145]	0.6	1.84	-2.97	0.56	4.37	1
logWET.p[146]	0.6	1.84	-3.02	0.56	4.36	1
logWET.p[147]	0.59	1.85	-3.01	0.56	4.35	1
logWET.p[148]	0.6	1.84	-2.97	0.57	4.33	1
logWET.p[149]	0.59	1.83	-3.02	0.58	4.31	1
logWET.p[150]	0.57	1.84	-3.03	0.55	4.3	1
logWET.p[151]	0.59	1.84	-2.99	0.55	4.33	1
logWET.p[152]	0.34	1.83	-3.29	0.32	4.01	1
logWET.p[153]	0.31	1.85	-3.34	0.29	4.05	1
logWET.p[154]	0.6	1.85	-2.99	0.58	4.36	1
logWET.p[155]	0.56	1.85	-3.06	0.54	4.3	1
logWET.p[156]	0.23	1.85	-3.35	0.21	4	1
logWET.p[157]	0.51	1.89	-3.18	0.49	4.34	1
logWET.p[158]	0.22	1.85	-3.4	0.2	3.98	1
logWET.p[159]	0.23	1.85	-3.39	0.2	4	1
logWET.p[160]	0.12	1.85	-3.49	0.1	3.88	1
logWET.p[161]	0.09	1.84	-3.48	0.06	3.83	1
logWET.p[162]	0.1	1.85	-3.53	0.07	3.86	1
logWET.p[163]	-0.05	1.84	-3.68	-0.06	3.64	1
logWET.p[164]	0.19	1.84	-3.45	0.19	3.89	1
logWET.p[165]	0.31	1.84	-3.33	0.3	4.01	1
logWET.p[166]	0.3	1.84	-3.31	0.28	4.02	1
logWET.p[167]	0.29	1.84	-3.35	0.28	3.98	1
logWET.p[168]	0.34	1.83	-3.28	0.33	4.02	1
logWET.p[169]	0.34	1.85	-3.3	0.33	4.06	1
logWET.p[170]	0.34	1.84	-3.31	0.33	4.02	1
logWET.p[171]	0.34	1.84	-3.31	0.33	4.03	1
logWET.p[172]	0.33	1.84	-3.3	0.33	4.02	1
logWET.p[173]	0.34	1.84	-3.3	0.34	4.05	1
logWET.p[174]	0.33	1.84	-3.33	0.32	4.04	1
logWET.p[175]	0.3	1.84	-3.36	0.29	4.01	1
logWET.p[176]	0.15	1.85	-3.55	0.16	3.82	1
logWET.p[177]	0.89	1.84	-2.69	0.86	4.66	1
logWET.p[178]	0.88	1.83	-2.7	0.86	4.59	1
logWET.p[179]	0.88	1.85	-2.74	0.87	4.63	1
logWET.p[180]	1.03	1.84	-2.58	1.01	4.75	1
logWET.p[181]	0.94	1.85	-2.73	0.93	4.68	1
logWET.p[182]	1.11	1.84	-2.47	1.09	4.83	1
logWET.p[183]	1.12	1.84	-2.49	1.1	4.85	1
logWET.p[184]	1.07	1.84	-2.55	1.05	4.79	1
logWET.p[185]	1.05	1.84	-2.55	1.04	4.78	1
logWET.p[186]	1.04	1.85	-2.58	1.02	4.82	1
logWET.p[187]	3.43	1.85	-0.14	3.4	7.22	1
logWET.p[188]	3.42	1.86	-0.17	3.38	7.22	1
logWET.p[189]	3.42	1.85	-0.17	3.38	7.22	1
logWET.p[190]	3.43	1.85	-0.16	3.39	7.21	1
logWET.p[191]	3.36	1.86	-0.22	3.32	7.16	1
logWET.p[192]	3.22	1.84	-0.4	3.21	6.98	1
logWET.p[193]	3.22	1.85	-0.41	3.2	6.93	1
logWET.p[194]	3.28	1.86	-0.35	3.25	7.05	1
logWET.p[195]	3.31	1.86	-0.31	3.27	7.07	1
logWET.p[196]	3.23	1.85	-0.4	3.22	6.96	1
logWET.p[197]	3.15	1.85	-0.52	3.14	6.89	1
logWET.p[198]	3.22	1.85	-0.43	3.19	6.95	1
logWET.p[199]	3.17	1.85	-0.46	3.15	6.9	1
logWET.p[200]	3.22	1.85	-0.41	3.21	6.95	1
logWET.p[201]	3.24	1.85	-0.39	3.24	6.98	1
logWET.p[202]	3.24	1.85	-0.39	3.23	6.97	1
logWET.p[203]	3.25	1.85	-0.38	3.23	6.99	1
logWET.p[204]	3.27	1.85	-0.35	3.25	7	1
logWET.p[205]	3.28	1.85	-0.35	3.26	7.04	1
logWET.p[206]	3.26	1.85	-0.36	3.25	7.01	1
logWET.p[207]	3.43	1.86	-0.16	3.39	7.2	1
logWET.p[208]	3.42	1.85	-0.13	3.39	7.2	1
logWET.p[209]	3.41	1.86	-0.18	3.38	7.22	1
logWET.p[210]	3.41	1.86	-0.19	3.37	7.25	1
logWET.p[211]	1.06	1.85	-2.58	1.04	4.83	1
logWET.p[212]	1.17	1.84	-2.41	1.14	4.95	1
logWET.p[213]	1.06	1.85	-2.56	1.04	4.83	1
logWET.p[214]	1.07	1.85	-2.54	1.04	4.8	1
logWET.p[215]	1.06	1.85	-2.54	1.04	4.81	1
logWET.p[216]	1.07	1.84	-2.54	1.05	4.8	1
logWET.p[217]	1.18	1.84	-2.38	1.14	4.97	1
logWET.p[218]	1.18	1.84	-2.4	1.16	4.92	1
logWET.p[219]	1.17	1.85	-2.39	1.14	4.93	1
logWET.p[220]	1.18	1.85	-2.38	1.14	5	1
logWET.p[221]	0.98	1.84	-2.57	0.95	4.75	1
logWET.p[222]	1.1	1.85	-2.46	1.06	4.91	1
logWET.p[223]	1.1	1.85	-2.48	1.06	4.89	1
logWET.p[224]	1.06	1.85	-2.54	1.02	4.85	1
logWET.p[225]	1.06	1.85	-2.5	1.02	4.87	1
logWET.p[226]	1	1.84	-2.58	0.97	4.77	1
logWET.p[227]	0.99	1.84	-2.58	0.97	4.75	1
logWET.p[228]	0.98	1.84	-2.58	0.95	4.76	1
logWET.p[229]	1	1.85	-2.56	0.97	4.77	1
logWET.p[230]	1.95	1.99	-1.88	1.91	6.01	1
logWET.p[231]	1.06	1.84	-2.53	1.04	4.82	1
logWET.p[232]	1.09	1.85	-2.47	1.05	4.88	1
logWET.p[233]	1.11	1.84	-2.47	1.08	4.87	1
logWET.p[234]	1.11	1.84	-2.44	1.06	4.86	1
logWET.p[235]	0.62	1.93	-3.2	0.62	4.46	1
logWET.p[236]	2.02	1.93	-1.75	2	5.92	1
logWET.p[237]	2.05	1.93	-1.68	2.02	5.96	1
logWET.p[238]	1.21	1.86	-2.36	1.16	5.03	1
logWET.p[239]	1.41	1.85	-2.19	1.4	5.18	1
logWET.p[240]	1.42	1.85	-2.17	1.4	5.17	1
logWET.p[241]	2.09	1.93	-1.63	2.06	6.01	1
logWET.p[242]	2.07	1.93	-1.69	2.04	5.99	1
logWET.p[243]	1.41	1.84	-2.16	1.39	5.17	1
logWET.p[244]	0.95	1.84	-2.66	0.94	4.66	1
logWET.p[245]	1.47	1.85	-2.14	1.43	5.23	1
logWET.p[246]	1.51	1.84	-2.07	1.47	5.26	1
logWET.p[247]	1.53	1.84	-2.05	1.5	5.29	1
logWET.p[248]	1.53	1.85	-2.05	1.5	5.28	1
logWET.p[249]	0.96	1.85	-2.63	0.94	4.72	1
logWET.p[250]	1.53	1.85	-2.04	1.5	5.31	1
logWET.p[251]	1.53	1.85	-2.07	1.48	5.31	1
logWET.p[252]	1.54	1.85	-2.03	1.5	5.35	1
