param	mean	sd	2.5%	50%	97.5%	Rhat
logWET.p[1]	0.85	1.92	-2.82	0.81	4.82	1.01
logWET.p[2]	0.85	1.92	-2.84	0.8	4.8	1.01
logWET.p[3]	0.83	1.92	-2.84	0.77	4.78	1.01
logWET.p[4]	0.72	1.92	-2.99	0.68	4.7	1.01
logWET.p[5]	0.99	1.95	-2.81	0.97	4.95	1
logWET.p[6]	0.81	1.92	-2.87	0.76	4.76	1.01
logWET.p[7]	0.87	1.92	-2.82	0.82	4.83	1.01
logWET.p[8]	0.87	1.91	-2.79	0.82	4.83	1.01
logWET.p[9]	0.86	1.91	-2.79	0.81	4.83	1.01
logWET.p[10]	0.87	1.92	-2.77	0.82	4.85	1.01
logWET.p[11]	0.85	1.92	-2.82	0.8	4.81	1.01
logWET.p[12]	0.9	1.92	-2.73	0.84	4.89	1.01
logWET.p[13]	0.9	1.92	-2.75	0.85	4.9	1.01
logWET.p[14]	0.89	1.93	-2.82	0.84	4.91	1.01
logWET.p[15]	0.9	1.92	-2.75	0.84	4.91	1.01
logWET.p[16]	1.55	1.93	-2.11	1.48	5.61	1.01
logWET.p[17]	1.47	1.92	-2.14	1.41	5.48	1.01
logWET.p[18]	1.45	1.92	-2.23	1.38	5.44	1.01
logWET.p[19]	1.7	1.91	-2	1.65	5.65	1.01
logWET.p[20]	1.71	1.91	-1.95	1.67	5.62	1.01
logWET.p[21]	1.76	1.92	-1.95	1.72	5.71	1.01
logWET.p[22]	1.74	1.92	-1.94	1.7	5.7	1.01
logWET.p[23]	1.72	1.92	-2.01	1.67	5.68	1.01
logWET.p[24]	1.74	1.92	-1.92	1.69	5.72	1.01
logWET.p[25]	1.18	1.91	-2.51	1.14	5.12	1.01
logWET.p[26]	1.19	1.92	-2.53	1.14	5.11	1.01
logWET.p[27]	1.75	1.92	-1.92	1.7	5.72	1.01
logWET.p[28]	1.16	1.91	-2.52	1.12	5.11	1.01
logWET.p[29]	1.17	1.91	-2.51	1.14	5.09	1.01
logWET.p[30]	1.18	1.92	-2.53	1.14	5.14	1.01
logWET.p[31]	1.18	1.92	-2.53	1.14	5.12	1.01
logWET.p[32]	1.75	1.93	-1.94	1.69	5.73	1.01
logWET.p[33]	1.18	1.91	-2.5	1.14	5.11	1.01
logWET.p[34]	1.18	1.92	-2.52	1.14	5.11	1.01
logWET.p[35]	1.17	1.91	-2.54	1.13	5.1	1.01
logWET.p[36]	1.72	1.92	-1.98	1.67	5.66	1.01
logWET.p[37]	1.16	1.91	-2.54	1.12	5.07	1.01
logWET.p[38]	1.17	1.92	-2.52	1.14	5.08	1.01
logWET.p[39]	1.1	1.9	-2.56	1.07	4.98	1.01
logWET.p[40]	1.13	1.91	-2.57	1.1	5.06	1.01
logWET.p[41]	1.13	1.91	-2.6	1.08	5.06	1.01
logWET.p[42]	1.13	1.91	-2.57	1.1	5.03	1.01
logWET.p[43]	1.12	1.91	-2.6	1.08	5.04	1.01
logWET.p[44]	1.71	1.92	-1.99	1.66	5.68	1.01
logWET.p[45]	1.13	1.92	-2.58	1.09	5.05	1.01
logWET.p[46]	1.13	1.9	-2.54	1.09	5.01	1.01
logWET.p[47]	1.14	1.91	-2.55	1.1	5.02	1.01
logWET.p[48]	1.65	1.97	-2.14	1.61	5.69	1.01
logWET.p[49]	1.66	1.98	-2.17	1.61	5.75	1.01
logWET.p[50]	0.59	1.89	-3.16	0.6	4.36	1.01
logWET.p[51]	0.58	1.9	-3.19	0.58	4.38	1.01
logWET.p[52]	0.55	1.89	-3.17	0.54	4.34	1.01
logWET.p[53]	0.93	1.9	-2.81	0.92	4.74	1
logWET.p[54]	0.8	1.89	-2.89	0.77	4.62	1.01
logWET.p[55]	1.03	1.91	-2.73	1.01	4.88	1
logWET.p[56]	1.05	1.89	-2.66	1.03	4.88	1.01
logWET.p[57]	1.07	1.9	-2.64	1.04	4.93	1.01
logWET.p[58]	1.09	1.89	-2.6	1.05	4.92	1.01
logWET.p[59]	1.06	1.9	-2.63	1.03	4.9	1.01
logWET.p[60]	1.1	1.9	-2.62	1.06	4.99	1.01
logWET.p[61]	1.15	1.9	-2.53	1.13	5.05	1.01
logWET.p[62]	1.11	1.9	-2.58	1.08	4.97	1.01
logWET.p[63]	1.31	1.91	-2.35	1.25	5.26	1.01
logWET.p[64]	1.31	1.91	-2.38	1.26	5.24	1.01
logWET.p[65]	1.3	1.9	-2.34	1.25	5.22	1.01
logWET.p[66]	1.3	1.91	-2.37	1.26	5.25	1.01
logWET.p[67]	1.31	1.91	-2.34	1.26	5.28	1.01
logWET.p[68]	1.24	1.91	-2.46	1.19	5.18	1.01
logWET.p[69]	1.22	1.92	-2.47	1.18	5.14	1.01
logWET.p[70]	1.2	1.91	-2.46	1.16	5.14	1.01
logWET.p[71]	1.22	1.91	-2.51	1.18	5.14	1.01
logWET.p[72]	1.16	1.91	-2.53	1.12	5.08	1.01
logWET.p[73]	1.15	1.9	-2.54	1.1	5.03	1.01
logWET.p[74]	1.35	2.09	-2.66	1.29	5.65	1
logWET.p[75]	1.2	2.08	-2.75	1.14	5.49	1
logWET.p[76]	1.11	2.07	-2.85	1.05	5.38	1.01
logWET.p[77]	1.2	2.08	-2.79	1.13	5.5	1
logWET.p[78]	1.09	2.06	-2.89	1.05	5.31	1
logWET.p[79]	1.11	2.07	-2.86	1.05	5.4	1.01
logWET.p[80]	1.13	2.07	-2.84	1.07	5.39	1.01
logWET.p[81]	0.06	2.17	-4.15	0.03	4.5	1
logWET.p[82]	0.92	2.08	-3.07	0.86	5.21	1.01
logWET.p[83]	2.92	2.14	-1.17	2.88	7.31	1
logWET.p[84]	0.88	2.06	-3.07	0.84	5.08	1
logWET.p[85]	0.89	2.06	-3.14	0.86	5.09	1
logWET.p[86]	0.87	2.06	-3.14	0.85	5.07	1
logWET.p[87]	1.15	2.08	-2.87	1.11	5.41	1
logWET.p[88]	2.52	2.2	-1.72	2.47	7.01	1
logWET.p[89]	1.35	2.19	-3	1.35	5.7	1
logWET.p[90]	0.75	2.06	-3.34	0.75	4.9	1
logWET.p[91]	0.77	2.07	-3.31	0.77	4.9	1
logWET.p[92]	1.35	2.07	-2.58	1.3	5.65	1
logWET.p[93]	0.4	2.07	-3.79	0.42	4.45	1
logWET.p[94]	0.4	2.06	-3.75	0.42	4.45	1
logWET.p[95]	1.36	2.09	-2.63	1.3	5.67	1
logWET.p[96]	1.34	2.07	-2.64	1.28	5.62	1
logWET.p[97]	1.35	2.08	-2.64	1.28	5.66	1
logWET.p[98]	1.34	2.08	-2.64	1.28	5.64	1
logWET.p[99]	1.37	2.07	-2.58	1.31	5.65	1
logWET.p[100]	1.37	2.09	-2.62	1.31	5.71	1
logWET.p[101]	1.37	2.08	-2.57	1.32	5.72	1
logWET.p[102]	1.38	2.09	-2.6	1.31	5.7	1
logWET.p[103]	1.38	2.09	-2.62	1.32	5.72	1
logWET.p[104]	1.44	2.09	-2.54	1.37	5.77	1
logWET.p[105]	1.39	2.11	-2.6	1.33	5.79	1
logWET.p[106]	1.37	2.09	-2.6	1.31	5.71	1
logWET.p[107]	1.38	2.09	-2.58	1.31	5.74	1
logWET.p[108]	1.38	2.1	-2.58	1.31	5.79	1.01
logWET.p[109]	1.4	2.09	-2.58	1.32	5.72	1
logWET.p[110]	1.39	2.09	-2.62	1.32	5.77	1
logWET.p[111]	0.71	1.9	-2.99	0.68	4.57	1
logWET.p[112]	0.77	1.91	-2.95	0.73	4.64	1.01
logWET.p[113]	0.77	1.9	-2.93	0.75	4.65	1.01
logWET.p[114]	1.58	2.1	-2.38	1.5	5.99	1
logWET.p[115]	0.48	2.05	-3.59	0.48	4.61	1
logWET.p[116]	0.43	2.05	-3.66	0.44	4.49	1
logWET.p[117]	0.54	2.05	-3.51	0.53	4.62	1
logWET.p[118]	0.75	2.1	-3.38	0.73	4.99	1
logWET.p[119]	0.48	2.07	-3.59	0.46	4.69	1.01
logWET.p[120]	1.69	2.08	-2.36	1.67	5.91	1.01
logWET.p[121]	1.72	2.07	-2.33	1.69	5.92	1
logWET.p[122]	1.67	2.06	-2.39	1.65	5.83	1
logWET.p[123]	1.67	2.06	-2.43	1.65	5.82	1
logWET.p[124]	1.67	2.07	-2.4	1.66	5.86	1
logWET.p[125]	0.48	2.07	-3.6	0.46	4.63	1
logWET.p[126]	0.74	2.1	-3.4	0.72	4.95	1
logWET.p[127]	0.54	2.05	-3.47	0.53	4.67	1
logWET.p[128]	0.56	2.06	-3.48	0.56	4.68	1
logWET.p[129]	0.55	2.06	-3.52	0.54	4.7	1
logWET.p[130]	0.55	2.06	-3.5	0.55	4.64	1
logWET.p[131]	0.53	2.05	-3.58	0.53	4.66	1
logWET.p[132]	-0.13	1.91	-3.89	-0.15	3.73	1.01
logWET.p[133]	0.07	1.91	-3.71	0.05	3.94	1.01
logWET.p[134]	0.06	1.91	-3.69	0.04	3.94	1.01
logWET.p[135]	0.48	1.92	-3.23	0.44	4.45	1.01
logWET.p[136]	0.8	1.95	-2.98	0.77	4.78	1.01
logWET.p[137]	0.51	1.92	-3.17	0.48	4.47	1.01
logWET.p[138]	0.51	1.92	-3.18	0.47	4.44	1.01
logWET.p[139]	0.51	1.91	-3.16	0.46	4.45	1.01
logWET.p[140]	1.17	1.92	-2.55	1.13	5.13	1.01
logWET.p[141]	1.75	1.92	-1.93	1.7	5.71	1.01
logWET.p[142]	1.17	1.91	-2.52	1.13	5.07	1.01
logWET.p[143]	1.18	1.92	-2.53	1.15	5.08	1.01
logWET.p[144]	1.17	1.91	-2.5	1.13	5.12	1.01
logWET.p[145]	0.81	1.91	-2.86	0.77	4.72	1.01
logWET.p[146]	0.81	1.9	-2.88	0.78	4.73	1.01
logWET.p[147]	0.81	1.9	-2.87	0.78	4.73	1.01
logWET.p[148]	0.81	1.91	-2.87	0.76	4.7	1.01
logWET.p[149]	0.81	1.91	-2.87	0.77	4.7	1.01
logWET.p[150]	0.79	1.9	-2.88	0.75	4.69	1.01
logWET.p[151]	0.79	1.91	-2.88	0.75	4.76	1.01
logWET.p[152]	0.52	1.91	-3.19	0.5	4.42	1.01
logWET.p[153]	0.53	1.91	-3.22	0.49	4.41	1.01
logWET.p[154]	0.81	1.91	-2.86	0.77	4.74	1.01
logWET.p[155]	0.78	1.9	-2.9	0.74	4.69	1.01
logWET.p[156]	0.44	1.92	-3.25	0.39	4.39	1.01
logWET.p[157]	0.71	1.95	-3.12	0.68	4.67	1.01
logWET.p[158]	0.44	1.92	-3.24	0.4	4.38	1.01
logWET.p[159]	0.44	1.91	-3.22	0.39	4.36	1.01
logWET.p[160]	0.33	1.92	-3.36	0.29	4.27	1.01
logWET.p[161]	0.3	1.91	-3.39	0.27	4.21	1.01
logWET.p[162]	0.29	1.92	-3.4	0.26	4.23	1.01
logWET.p[163]	0.16	1.91	-3.58	0.13	4.04	1.01
logWET.p[164]	0.41	1.91	-3.38	0.39	4.25	1.01
logWET.p[165]	0.52	1.91	-3.19	0.5	4.42	1.01
logWET.p[166]	0.5	1.91	-3.19	0.46	4.41	1.01
logWET.p[167]	0.5	1.9	-3.22	0.47	4.36	1.01
logWET.p[168]	0.53	1.89	-3.14	0.51	4.37	1.01
logWET.p[169]	0.55	1.9	-3.13	0.52	4.42	1.01
logWET.p[170]	0.55	1.9	-3.15	0.52	4.39	1.01
logWET.p[171]	0.54	1.9	-3.17	0.51	4.38	1.01
logWET.p[172]	0.53	1.9	-3.18	0.51	4.39	1.01
logWET.p[173]	0.55	1.9	-3.15	0.52	4.41	1.01
logWET.p[174]	0.53	1.89	-3.16	0.51	4.38	1.01
logWET.p[175]	0.49	1.89	-3.23	0.48	4.33	1.01
logWET.p[176]	0.33	1.9	-3.45	0.32	4.14	1.01
logWET.p[177]	1.09	1.9	-2.6	1.06	4.98	1.01
logWET.p[178]	1.09	1.9	-2.58	1.05	4.98	1.01
logWET.p[179]	1.09	1.91	-2.62	1.06	5.01	1.01
logWET.p[180]	1.24	1.91	-2.44	1.2	5.18	1.01
logWET.p[181]	1.15	1.9	-2.54	1.12	4.99	1.01
logWET.p[182]	1.33	1.9	-2.34	1.29	5.23	1.01
logWET.p[183]	1.34	1.91	-2.37	1.3	5.28	1.01
logWET.p[184]	1.27	1.9	-2.42	1.24	5.21	1.01
logWET.p[185]	1.27	1.91	-2.43	1.23	5.18	1.01
logWET.p[186]	1.25	1.9	-2.42	1.22	5.14	1.01
logWET.p[187]	3.65	1.93	-0.06	3.6	7.61	1.01
logWET.p[188]	3.64	1.93	-0.07	3.6	7.58	1.01
logWET.p[189]	3.64	1.93	-0.05	3.6	7.62	1.01
logWET.p[190]	3.64	1.92	-0.03	3.59	7.58	1.01
logWET.p[191]	3.58	1.92	-0.12	3.53	7.52	1.01
logWET.p[192]	3.43	1.91	-0.3	3.4	7.34	1.01
logWET.p[193]	3.42	1.91	-0.29	3.39	7.31	1.01
logWET.p[194]	3.49	1.92	-0.24	3.45	7.42	1.01
logWET.p[195]	3.53	1.92	-0.18	3.49	7.46	1.01
logWET.p[196]	3.44	1.92	-0.31	3.41	7.34	1.01
logWET.p[197]	3.36	1.91	-0.39	3.33	7.2	1.01
logWET.p[198]	3.42	1.91	-0.28	3.39	7.32	1.01
logWET.p[199]	3.37	1.92	-0.36	3.35	7.28	1.01
logWET.p[200]	3.45	1.91	-0.27	3.42	7.32	1.01
logWET.p[201]	3.45	1.91	-0.26	3.42	7.35	1.01
logWET.p[202]	3.45	1.9	-0.25	3.43	7.33	1.01
logWET.p[203]	3.45	1.91	-0.27	3.42	7.34	1.01
logWET.p[204]	3.47	1.92	-0.24	3.44	7.39	1.01
logWET.p[205]	3.46	1.9	-0.2	3.43	7.38	1.01
logWET.p[206]	3.47	1.91	-0.24	3.45	7.36	1.01
logWET.p[207]	3.63	1.92	-0.03	3.58	7.58	1.01
logWET.p[208]	3.64	1.92	-0.07	3.59	7.6	1.01
logWET.p[209]	3.64	1.92	-0.06	3.59	7.62	1.01
logWET.p[210]	3.64	1.92	-0.06	3.58	7.62	1.01
logWET.p[211]	1.26	1.91	-2.46	1.24	5.17	1.01
logWET.p[212]	1.4	1.92	-2.28	1.35	5.34	1.01
logWET.p[213]	1.28	1.91	-2.42	1.25	5.2	1.01
logWET.p[214]	1.29	1.92	-2.46	1.24	5.22	1.01
logWET.p[215]	1.27	1.9	-2.41	1.23	5.14	1.01
logWET.p[216]	1.28	1.91	-2.4	1.25	5.2	1.01
logWET.p[217]	1.4	1.91	-2.25	1.35	5.35	1.01
logWET.p[218]	1.39	1.92	-2.33	1.35	5.38	1.01
logWET.p[219]	1.4	1.92	-2.25	1.34	5.36	1.01
logWET.p[220]	1.39	1.91	-2.27	1.34	5.35	1.01
logWET.p[221]	1.22	1.91	-2.43	1.17	5.17	1.01
logWET.p[222]	1.32	1.92	-2.34	1.25	5.29	1.01
logWET.p[223]	1.32	1.92	-2.33	1.28	5.3	1.01
logWET.p[224]	1.28	1.91	-2.37	1.22	5.26	1.01
logWET.p[225]	1.29	1.91	-2.36	1.23	5.26	1.01
logWET.p[226]	1.21	1.91	-2.49	1.17	5.15	1.01
logWET.p[227]	1.2	1.92	-2.47	1.16	5.15	1.01
logWET.p[228]	1.21	1.91	-2.44	1.16	5.16	1.01
logWET.p[229]	1.21	1.91	-2.47	1.16	5.14	1.01
logWET.p[230]	2.18	2.07	-1.74	2.13	6.46	1.01
logWET.p[231]	1.29	1.91	-2.37	1.24	5.26	1.01
logWET.p[232]	1.31	1.91	-2.36	1.26	5.32	1.01
logWET.p[233]	1.32	1.92	-2.35	1.27	5.33	1.01
logWET.p[234]	1.31	1.9	-2.32	1.26	5.26	1.01
logWET.p[235]	0.81	1.99	-3.09	0.79	4.79	1
logWET.p[236]	2.23	1.99	-1.6	2.18	6.28	1.01
logWET.p[237]	2.27	1.99	-1.56	2.23	6.36	1.01
logWET.p[238]	1.44	1.93	-2.22	1.38	5.45	1.01
logWET.p[239]	1.64	1.91	-2.08	1.6	5.53	1.01
logWET.p[240]	1.64	1.91	-2.02	1.59	5.57	1.01
logWET.p[241]	2.31	2	-1.56	2.28	6.41	1.01
logWET.p[242]	2.3	1.99	-1.51	2.25	6.38	1.01
logWET.p[243]	1.64	1.92	-2.05	1.59	5.59	1.01
logWET.p[244]	1.17	1.92	-2.54	1.13	5.11	1.01
logWET.p[245]	1.7	1.91	-1.97	1.66	5.64	1.01
logWET.p[246]	1.73	1.91	-1.95	1.67	5.7	1.01
logWET.p[247]	1.75	1.92	-1.91	1.69	5.7	1.01
logWET.p[248]	1.75	1.92	-1.92	1.71	5.72	1.01
logWET.p[249]	1.17	1.91	-2.54	1.13	5.1	1.01
logWET.p[250]	1.75	1.93	-1.92	1.71	5.74	1.01
logWET.p[251]	1.74	1.92	-1.93	1.7	5.7	1.01
logWET.p[252]	1.75	1.91	-1.95	1.69	5.68	1.01
